(
(0 0.0003125 0)
(0 0.0125 0)
(0 0.025 0)
(0 0.0375 0)
(0 0.05 0)
(0 0.0625 0)
(0 0.075 0)
(0 0.0875 0)
(0 0.1 0)
(0 0.1125 0)
(0 0.125 0)
(0 0.1375 0)
(0 0.15 0)
(0 0.1625 0)
(0 0.175 0)
(0 0.1875 0)
(0 0.2 0)
(0 0.2125 0)
(0 0.225 0)
(0 0.2375 0)
(0 0.25 0)
(0 0.2625 0)
(0 0.275 0)
(0 0.2875 0)
(0 0.3 0)
(0 0.3125 0)
(0 0.325 0)
(0 0.3375 0)
(0 0.35 0)
(0 0.3625 0)
(0 0.375 0)
(0 0.3875 0)
(0 0.4 0)
(0 0.4125 0)
(0 0.425 0)
(0 0.4375 0)
(0 0.45 0)
(0 0.4625 0)
(0 0.475 0)
(0 0.4875 0)
(0 0.5 0)
(0 0.5125 0)
(0 0.525 0)
(0 0.5375 0)
(0 0.55 0)
(0 0.5625 0)
(0 0.575 0)
(0 0.5875 0)
(0 0.6 0)
(0 0.6125 0)
(0 0.625 0)
(0 0.6375 0)
(0 0.65 0)
(0 0.6625 0)
(0 0.675 0)
(0 0.6875 0)
(0 0.7 0)
(0 0.7125 0)
(0 0.725 0)
(0 0.7375 0)
(0 0.75 0)
(0 0.7625 0)
(0 0.775 0)
(0 0.7875 0)
(0 0.8 0)
(0 0.8125 0)
(0 0.825 0)
(0 0.8375 0)
(0 0.85 0)
(0 0.8625 0)
(0 0.875 0)
(0 0.8875 0)
(0 0.9 0)
(0 0.9125 0)
(0 0.925 0)
(0 0.9375 0)
(0 0.95 0)
(0 0.9625 0)
(0 0.975 0)
(0 0.9875 0)
(0 1 0)
(0 1.0125 0)
(0 1.025 0)
(0 1.0375 0)
(0 1.05 0)
(0 1.0625 0)
(0 1.075 0)
(0 1.0875 0)
(0 1.1 0)
(0 1.1125 0)
(0 1.125 0)
(0 1.1375 0)
(0 1.15 0)
(0 1.1625 0)
(0 1.175 0)
(0 1.1875 0)
(0 1.2 0)
(0 1.2125 0)
(0 1.225 0)
(0 1.2375 0)
(0 1.25 0)
(0 1.2625 0)
(0 1.275 0)
(0 1.2875 0)
(0 1.3 0)
(0 1.3125 0)
(0 1.325 0)
(0 1.3375 0)
(0 1.35 0)
(0 1.3625 0)
(0 1.375 0)
(0 1.3875 0)
(0 1.4 0)
(0 1.4125 0)
(0 1.425 0)
(0 1.4375 0)
(0 1.45 0)
(0 1.4625 0)
(0 1.475 0)
(0 1.4875 0)
(0 1.5 0)
(0 1.5125 0)
(0 1.525 0)
(0 1.5375 0)
(0 1.55 0)
(0 1.5625 0)
(0 1.575 0)
(0 1.5875 0)
(0 1.6 0)
(0 1.6125 0)
(0 1.625 0)
(0 1.6375 0)
(0 1.65 0)
(0 1.6625 0)
(0 1.675 0)
(0 1.6875 0)
(0 1.7 0)
(0 1.7125 0)
(0 1.725 0)
(0 1.7375 0)
(0 1.75 0)
(0 1.7625 0)
(0 1.775 0)
(0 1.7875 0)
(0 1.8 0)
(0 1.8125 0)
(0 1.825 0)
(0 1.8375 0)
(0 1.85 0)
(0 1.8625 0)
(0 1.875 0)
(0 1.8875 0)
(0 1.9 0)
(0 1.9125 0)
(0 1.925 0)
(0 1.9375 0)
(0 1.95 0)
(0 1.9625 0)
(0 1.975 0)
(0 1.9875 0)
(0 2 0)
(0 2.0125 0)
(0 2.025 0)
(0 2.0375 0)
(0 2.05 0)
(0 2.0625 0)
(0 2.075 0)
(0 2.0875 0)
(0 2.1 0)
(0 2.1125 0)
(0 2.125 0)
(0 2.1375 0)
(0 2.15 0)
(0 2.1625 0)
(0 2.175 0)
(0 2.1875 0)
(0 2.2 0)
(0 2.2125 0)
(0 2.225 0)
(0 2.2375 0)
(0 2.25 0)
(0 2.2625 0)
(0 2.275 0)
(0 2.2875 0)
(0 2.3 0)
(0 2.3125 0)
(0 2.325 0)
(0 2.3375 0)
(0 2.35 0)
(0 2.3625 0)
(0 2.375 0)
(0 2.3875 0)
(0 2.4 0)
(0 2.4125 0)
(0 2.425 0)
(0 2.4375 0)
(0 2.45 0)
(0 2.4625 0)
(0 2.475 0)
(0 2.4875 0)
(0 2.5 0)
)
