/*--------------------------------*- C++ -*----------------------------------*\
  =========                 |
  \\      /  F ield         | OpenFOAM: The Open Source CFD Toolbox
   \\    /   O peration     |
    \\  /    A nd           | Web:      www.OpenFOAM.org
     \\/     M anipulation  |
-------------------------------------------------------------------------------
Description
    Writes out values of fields from cells nearest to specified locations.

\*---------------------------------------------------------------------------*/

#includeEtc "caseDicts/postProcessing/probes/probes.cfg"

type            probes;
libs            ("libsampling.so");
writeControl    timeStep;
writeInterval   1;

fields
(
    U
);

probeLocations
(
(0 0.15 0.45)
(0 0 0.45)
(0 -0.15 0.45)
(0 0 0.43)
(0 0 0.35)
(0 0 0.01)
(0 0 0.02)
(0 0 0.03)
(0 0 0.04)
(0 0 0.05)
(0 0 0.06)
(0 0 0.07)
(0 0 0.08)
(0 0 0.09)
(0 0 0.1)
(0 0 0.12)
(0 0 0.14)
(0 0 0.16)
(0 0 0.18)
(0 0 0.2)
(0 0 0.22)
(0 0 0.24)
(0 0 0.26)
(0 0 0.28)
(0 0 0.3)
(0 0 0.32)
(0 0 0.36)
(0 0 0.4)
(0 0 0.45)
(0 0 0.5)
(0 0 0.55)
(0 0 0.6)
(0 0 0.65)
(0 0 0.7)
(0 0 0.75)
(0 0 0.8)
(0 0 0.85)
(0 0 0.9)
(0 0 0.95)
(0 0 1)
(0 0 1.05)
(0 0 1.1)
(0 0 1.15)
(0 0 1.2)
(0 0 1.25)
(0 0 1.3)
(0 0 1.4)
(0 0 1.5)
(0 0 1.6)
(0 0 1.7)
(0 0 1.8)
(0 0 1.9)
(0 0 2.05)
(0 0 2.2)
(0 0 2.35)
(0 0 2.5)

);

// ************************************************************************* //
