(
0.003285865
0.13143459
0.29513002
0.45454226
0.60043101
0.7300242
0.8433045
0.94148512
1.0262641
1.0994453
1.1627504
1.2177353
1.2657614
1.3079961
1.3454273
1.3788836
1.4090551
1.4365147
1.4617356
1.4851081
1.5069529
1.5275331
1.5470639
1.5657208
1.5836462
1.6009554
1.6177409
1.6340768
1.6500214
1.6656206
1.6809096
1.6959151
1.7106566
1.7251483
1.7393992
1.7534153
1.7671992
1.7807516
1.7940714
1.8071562
1.820003
1.832608
1.8449675
1.8570773
1.8689338
1.8805334
1.8918729
1.9029497
1.9137614
1.9243066
1.934584
1.9445934
1.9543346
1.9638085
1.9730163
1.9819597
1.990641
1.9990629
2.0072286
2.0151417
2.0228061
2.030226
2.037406
2.0443509
2.0510657
2.0575554
2.0638255
2.0698814
2.0757286
2.0813727
2.0868192
2.0920739
2.0971424
2.1020301
2.1067427
2.1112857
2.1156645
2.1198844
2.1239505
2.1278682
2.1316423
2.1352779
2.1387795
2.1421521
2.1453999
2.1485275
2.1515391
2.1544388
2.1572306
2.1599184
2.1625059
2.1649967
2.1673944
2.1697021
2.1719232
2.1740608
2.1761178
2.1780971
2.1800015
2.1818336
2.1835959
2.1852909
2.1869209
2.1884882
2.1899949
2.1914431
2.1928346
2.1941715
2.1954555
2.1966883
2.1978716
2.1990069
2.2000959
2.2011398
2.2021402
2.2030982
2.2040152
2.2048924
2.2057309
2.2065318
2.2072962
2.208025
2.2087192
2.2093797
2.2100074
2.2106031
2.2111675
2.2117016
2.2122058
2.212681
2.2131278
2.2135468
2.2139386
2.2143038
2.2146428
2.2149562
2.2152445
2.2155082
2.2157477
2.2159633
2.2161556
2.2163248
2.2164714
2.2165956
2.2166979
2.2167785
2.2168377
2.2168757
2.216893
2.2168896
2.216866
2.2168221
2.2167584
2.216675
2.2165721
2.2164499
2.2163085
2.2161482
2.2159691
2.2157713
2.215555
2.2153204
2.2150675
2.2147965
2.2145075
2.2142006
2.2138759
2.2135336
2.2131736
2.2127962
2.2124014
2.2119893
2.21156
2.2111135
2.21065
2.2101694
2.2096719
2.2091575
2.2086263
2.2080784
2.2075137
2.2069324
2.2063346
2.2057202
2.2050893
2.204442
2.2037783
2.2030983
2.202402
2.2016894
2.2009606
2.2002156
2.1994545
2.1986773
2.1978841
2.1970749
2.1962496
2.1954085
2.1945514
2.1936785
2.1927898
)
