(
(0.1 0.1 0.1 0.1 0.1 0.1)
(0.886235253201347 -0.0369706140059712 -0.15420573625537 0.539187807243758 -0.00491679295572591 0.268089420588592)
(0.993409011657484 -0.0369706140059712 -0.153827394879371 0.60440014742061 -0.00491679295572591 0.300520756910966)
(1.0539030575483 -0.0369706140059712 -0.153449053503372 0.641218691189799 -0.00491679295572591 0.318840356157018)
(1.0939039806953 -0.017865862117119 -0.153070712127372 0.665575565859 -0.0109631412375913 0.330969980979269)
(1.12213438083434 -0.00109588236737645 -0.152692370751373 0.682777661190918 0.00550553351281527 0.339548263882218)
(1.14266191392491 -0.00109588236737645 -0.152314029375373 0.695299746519907 0.00550553351281527 0.345805696281537)
(1.15774258407403 0.0713622746697415 -0.151935687999373 0.704514488555938 0.00397091232094216 0.350424656857222)
(1.16877088381794 0.0713622746697415 -0.151557346623374 0.711269905661017 0.00397091232094216 0.353826818851913)
(1.17667481389617 -0.0114588553386522 -0.151179005247375 0.716130598850727 0.0163439695988409 0.356292763618902)
(1.18210607442672 -0.110542870321707 -0.150800663871375 0.719493106877436 0.00465607869240407 0.358019513815982)
(1.18554219704872 -0.110542870321707 -0.150422322495376 0.721647686396481 0.00465607869240407 0.359151283043562)
(1.18734402737865 -0.0097976975408341 -0.150043981119376 0.722813649599814 -0.0130306026825735 0.359797015684734)
(1.18779134595031 -0.0097976975408341 -0.149665639743377 0.723161266266195 -0.0130306026825735 0.36004119299339)
(1.18710581994923 0.0378620926625844 -0.149287298367377 0.722825042006786 -0.0112109610838799 0.359950643964963)
(1.18546628823137 0.000542460289086285 -0.148908956991378 0.72191384356193 0.0144271066000661 0.359579238021782)
(1.18301863338749 -0.0688219224029476 -0.148530615615378 0.720516252637686 0.0103810671976754 0.358970967520046)
(1.17988394689197 -0.0688219224029476 -0.148152274239379 0.718705688452522 0.0103810671976754 0.358162219102986)
(1.17616347754715 -0.0688219224029476 -0.14777393286338 0.716543714687422 0.0103810671976754 0.357183420538679)
(1.17194245369545 -0.0688219224029476 -0.14739559148738 0.714081972365913 0.0103810671976754 0.356060184935751)
(1.16729378287163 -0.0144686972644633 -0.14701725011138 0.711364765665862 0.00598301260294574 0.354814325678389)
(1.16227938965694 -0.0144686972644633 -0.146638908735381 0.708429580248467 0.00598301260294574 0.353464458132203)
(1.15695292232896 -0.0144686972644633 -0.146260567359381 0.705308959383175 0.00598301260294574 0.35202659816792)
(1.15136082207698 -0.0566879812683219 -0.145882225983382 0.70203099028638 0.00789333580824378 0.350514600979202)
(1.1455433884701 -0.0566879812683219 -0.145503884607383 0.698620154186733 0.00789333580824378 0.348940489020588)
(1.13953558576497 -0.0566879812683219 -0.145125543231383 0.695097526103633 0.00789333580824378 0.347314740694252)
(1.13336840973091 -0.0566879812683219 -0.144747201855383 0.691481881505645 0.00789333580824378 0.345646503021718)
(1.12706890564104 0.0264721755618592 -0.144368860479384 0.687789537451458 -0.00531146489696449 0.343943812664108)
(1.1206607923444 0.0264721755618592 -0.143990519103385 0.6840348103851 -0.00531146489696449 0.342213696626712)
(1.11416494065447 0.0264721755618592 -0.143612177727385 0.680230414639311 -0.00531146489696449 0.340462386792139)
(1.10760012970432 0.0264721755618592 -0.143233836351386 0.676387517784649 -0.00531146489696449 0.338695325247046)
(1.10098242399393 0.0516757273282381 -0.142855494975386 0.67251598861962 -0.0318367713038358 0.336917358090734)
(1.09432680692341 0.0516757273282381 -0.142477153599386 0.668624565824524 -0.0318367713038358 0.335132757732447)
(1.08764568838074 0.0516757273282381 -0.142098812223387 0.664721033234321 -0.0318367713038358 0.333345283441631)
(1.08095075004924 0.0127994670742948 -0.141720470847388 0.660812210229589 -0.017748392382588 0.331558266842339)
(1.07425192059569 0.0127994670742948 -0.141342129471388 0.656904210201221 -0.017748392382588 0.329774680880467)
(1.06755859560456 0.0127994670742948 -0.140963788095389 0.653002406745958 -0.017748392382588 0.327997128961233)
(1.06087824581443 0.0127994670742948 -0.140585446719389 0.649111553402611 -0.017748392382588 0.326227898591202)
(1.05421812328982 0.0354292564360598 -0.14020710534339 0.645235909224888 0.013956946880924 0.324469058453729)
(1.04758460761815 0.0354292564360598 -0.13982876396739 0.641379197442977 0.013956946880924 0.322722379218628)
(1.04098318526862 0.0354292564360598 -0.139450422591391 0.637544703963161 0.013956946880924 0.320989443180056)
(1.03441862476052 -0.0511998415523464 -0.139072081215391 0.633735341655702 -0.00892850391622217 0.319271657378812)
(1.0278952100446 -0.0511998415523464 -0.138693739839392 0.62995366702056 -0.00892850391622217 0.317570218172551)
(1.0214168569097 -0.0511998415523464 -0.138315398463393 0.626201893903175 -0.00892850391622217 0.31588618701696)
(1.01498667553503 -0.0511998415523464 -0.137937057087393 0.622482017476923 -0.00892850391622217 0.314220503648051)
(1.00860771466862 -0.0511998415523464 -0.137558715711393 0.618795680132864 -0.00892850391622217 0.312573949575401)
(1.00228237809217 0.0522174184452053 -0.137180374335394 0.615144403533933 0.00115819714175512 0.310947213092859)
(0.996012978963562 0.0522174184452053 -0.136802032959395 0.611529421314095 0.00115819714175512 0.309340880972457)
(0.989801242630926 0.0522174184452053 -0.136423691583395 0.607951823802191 0.00115819714175512 0.307755453585931)
(0.983648579289318 0.0522174184452053 -0.136045350207396 0.60441251310129 0.00115819714175512 0.306191331869573)
(0.977556631544408 0.0522174184452053 -0.135667008831396 0.600912246047789 0.00115819714175512 0.30464885781085)
(0.971526447140768 0.0522174184452053 -0.135288667455396 0.597451657391163 0.00115819714175512 0.303128309956895)
(0.965558616771388 0.0522174184452053 -0.134910326079397 0.594031203435083 0.00115819714175512 0.301629878932432)
(0.959654187745899 0.0522174184452053 -0.134531984703398 0.590651332593163 0.00115819714175512 0.300153755331594)
(0.953813377232976 0.028735212794589 -0.134153643327398 0.587312266240268 -0.00880036474937721 0.298700028347766)
(0.948036908167397 0.028735212794589 -0.133775301951399 0.58401424795775 -0.00880036474937721 0.297268771550569)
(0.942324622864921 0.028735212794589 -0.133396960575399 0.580757374667808 -0.00880036474937721 0.295860007767973)
(0.936677013126727 0.028735212794589 -0.1330186191994 0.577541670377329 -0.00880036474937721 0.294473721691738)
(0.931093976331434 0.028735212794589 -0.1326402778234 0.574367147594435 -0.00880036474937721 0.293109889607262)
(0.925575312132924 0.028735212794589 -0.132261936447401 0.571233690913247 -0.00880036474937721 0.291768432998404)
(0.920121012451044 0.028735212794589 -0.131883595071401 0.56814115234248 -0.00880036474937721 0.290449262654455)
(0.914730846664967 -0.0247121076997995 -0.131505253695402 0.5650893767333 0.00577376340990037 0.289152241986953)
(0.909404246543796 -0.0247121076997995 -0.131126912319403 0.562078128279149 0.00577376340990037 0.287877258746934)
(0.904140998913779 -0.0247121076997995 -0.130748570943403 0.55910711863651 0.00577376340990037 0.286624141539997)
(0.898940604071811 -0.0247121076997995 -0.130370229567403 0.556176056069756 0.00577376340990037 0.285392722799247)
(0.89380258801563 -0.0247121076997995 -0.129991888191404 0.553284610897487 0.00577376340990037 0.284182818108126)
(0.888726381370538 -0.0247121076997995 -0.129613546815404 0.550432419036266 0.00577376340990037 0.282994217693562)
(0.883711416143813 -0.0247121076997995 -0.129235205439405 0.547619108133005 0.00577376340990037 0.281826720193702)
(0.878757056733157 -0.0157447692370615 -0.128856864063405 0.544844269004746 -0.00558192086673374 0.28068010034767)
(0.873862660697144 -0.0157447692370615 -0.128478522687406 0.542107466840078 -0.00558192086673374 0.279554141101445)
(0.869027563127815 -0.0157447692370615 -0.128100181311406 0.539408292342505 -0.00558192086673374 0.278448593877075)
(0.864251027198899 -0.0157447692370615 -0.127721839935407 0.536746264026408 -0.00558192086673374 0.277363208840269)
(0.859532337869472 -0.0157447692370615 -0.127343498559408 0.534120921696271 -0.00558192086673374 0.276297754994125)
(0.85487075136231 -0.0157447692370615 -0.126965157183408 0.531531800175921 -0.00558192086673374 0.275251970118325)
(0.850265532919221 -0.0157447692370615 -0.126586815807408 0.528978407045272 -0.00558192086673374 0.274225599068723)
(0.845715907236364 -0.0157447692370615 -0.126208474431409 0.526460280081892 -0.00558192086673374 0.273218371937881)
(0.841221078702039 0.00678336886307919 -0.12583013305541 0.523976883032752 0.0150394649897371 0.272230046963602)
(0.836780250988024 0.00678336886307919 -0.12545179167941 0.521527731450027 0.0150394649897371 0.271260345133146)
(0.832392682811584 0.00678336886307919 -0.125073450303411 0.51911233693955 0.0150394649897371 0.270309001899558)
(0.828057532589327 0.00678336886307919 -0.124695108927411 0.516730180538863 0.0150394649897371 0.269375745885014)
(0.823774013850383 0.00678336886307919 -0.124316767551411 0.51438075574553 0.0150394649897371 0.26846032292005)
(0.819541317354696 0.00678336886307919 -0.123938426175412 0.512063546042901 0.0150394649897371 0.267562457564066)
(0.815358675053559 0.00678336886307919 -0.123560084799413 0.509778052874061 0.0150394649897371 0.266681886999788)
(0.811225258736502 0.00678336886307919 -0.123181743423413 0.5075237830627 0.0150394649897371 0.265818349901068)
(0.807140257171566 0.00678336886307919 -0.122803402047414 0.505300201334746 0.0150394649897371 0.264971555831745)
(0.803102921745873 0.0546192081817999 -0.122425060671414 0.503106835040292 -0.0236361562724558 0.264141269069008)
(0.799112382634367 0.0546192081817999 -0.122046719295415 0.500943147164729 -0.0236361562724558 0.263327199910259)
(0.795167983797127 0.0546192081817999 -0.121668377919415 0.498808696060339 -0.0236361562724558 0.262529135218185)
(0.79126885873201 0.0546192081817999 -0.121290036543416 0.496702953889687 -0.0236361562724558 0.261746766514438)
(0.787414219929018 0.0546192081817999 -0.120911695167416 0.494625417187923 -0.0236361562724558 0.260979857102315)
(0.783603368212142 0.0546192081817999 -0.120533353791417 0.492575641713373 -0.0236361562724558 0.26022816446439)
(0.779835550443945 0.0546192081817999 -0.120155012415418 0.49055314375111 -0.0236361562724558 0.259491430138487)
(0.776109913596694 0.0546192081817999 -0.119776671039418 0.488557402782217 -0.0236361562724558 0.258769380083824)
(0.772425662634735 0.0546192081817999 -0.119398329663418 0.48658788995634 -0.0236361562724558 0.25806173584903)
(0.768782408691413 -0.0218094126040651 -0.119019988287419 0.484644369106787 0.00807243210257672 0.257368387477393)
(0.765178924166168 -0.0218094126040651 -0.118641646911419 0.482726076158517 0.00807243210257672 0.256688904766147)
(0.761614914301382 -0.0218094126040651 -0.11826330553542 0.480832784489043 0.00807243210257672 0.256023199094668)
(0.758089597246075 -0.0218094126040651 -0.117884964159421 0.478964042449504 0.00807243210257672 0.255371014755544)
(0.754601955313911 -0.0218094126040651 -0.117506622783421 0.477119176140193 0.00807243210257672 0.254732002763238)
(0.751151736811168 -0.0218094126040651 -0.117128281407422 0.475298043947334 0.00807243210257672 0.254106081064058)
(0.747737956207711 -0.0218094126040651 -0.116749940031422 0.47350000102643 0.00807243210257672 0.253492914147852)
(0.744360095269242 -0.0218094126040651 -0.116371598655423 0.471724718018996 0.00807243210257672 0.252892322729536)
(0.74101735126797 -0.0218094126040651 -0.115993257279423 0.469971702445469 0.00807243210257672 0.252304056088814)
(0.737709236952777 0.0263186195824249 -0.115614915903424 0.468240611179693 -0.0210495171932721 0.251727927738222)
(0.734435144733756 0.0263186195824249 -0.115236574527424 0.466531087112882 -0.0210495171932721 0.251163739748402)
(0.731194174341174 0.0263186195824249 -0.114858233151425 0.464842544867231 -0.0210495171932721 0.250611193970873)
(0.727986038907139 0.0263186195824249 -0.114479891775425 0.463174811457672 -0.0210495171932721 0.25007018396718)
(0.724809753848012 0.0263186195824249 -0.114101550399426 0.461527230896128 -0.0210495171932721 0.249540368316577)
(0.721665048633473 0.0263186195824249 -0.113723209023426 0.459899660625916 -0.0210495171932721 0.249021665393064)
(0.718551257890175 0.0263186195824249 -0.113344867647427 0.458291642210115 -0.0210495171932721 0.248513845814503)
(0.715467728575929 0.0263186195824249 -0.112966526271427 0.456702784030689 -0.0210495171932721 0.248016678039354)
(0.712413939157031 0.0263186195824249 -0.112588184895428 0.45513273607451 -0.0210495171932721 0.247529996623635)
(0.70938929443079 0.0263186195824249 -0.112209843519428 0.453581126660638 -0.0210495171932721 0.247053575702091)
(0.70639315907489 0.0263186195824249 -0.111831502143429 0.452047538588501 -0.0210495171932721 0.246587208128915)
(0.703425231981714 0.0263186195824249 -0.111453160767429 0.450531779747194 -0.0210495171932721 0.246130789175925)
(0.700484800479077 0.0263186195824249 -0.11107481939143 0.449033394641492 -0.0210495171932721 0.245684059989688)
(0.697571433587052 0.00483267891600963 -0.110696478015431 0.447552082731409 0.00770117694255472 0.245246885020209)
(0.694684446251175 0.00483267891600963 -0.110318136639431 0.446087425419019 0.00770117694255472 0.244819001958639)
(0.691823563600939 0.00483267891600963 -0.109939795263431 0.444639241949446 0.00770117694255472 0.244400338492583)
(0.688988126304204 0.00483267891600963 -0.109561453887432 0.443207121522804 0.00770117694255472 0.243990649368123)
(0.686177786107559 0.00483267891600963 -0.109183112511433 0.441790791269837 0.00770117694255472 0.243589801211078)
(0.683392006079597 0.00483267891600963 -0.108804771135433 0.440389932896248 0.00770117694255472 0.243197622824357)
(0.680630221814676 0.00483267891600963 -0.108426429759434 0.439004170611311 0.00770117694255472 0.242813885065799)
(0.677892053383881 0.00483267891600963 -0.108048088383434 0.437633278425356 0.00770117694255472 0.242438480406133)
(0.675177184165776 0.00483267891600963 -0.107669747007434 0.436277012209587 0.00770117694255472 0.242071288734425)
(0.672484929215396 0.00483267891600963 -0.107291405631435 0.434934948716679 0.00770117694255472 0.241712041046851)
(0.66981507340408 0.00483267891600963 -0.106913064255436 0.433606948608026 0.00770117694255472 0.241360680420249)
(0.667166979526335 0.00483267891600963 -0.106534722879436 0.432292571105337 0.00770117694255472 0.241016956189291)
(0.66454045746065 0.00483267891600963 -0.106156381503437 0.430991712653631 0.00770117694255472 0.240680818372555)
(0.661934989342987 0.00483267891600963 -0.105778040127437 0.429704023497045 0.00770117694255472 0.24035206924675)
(0.659350056503696 0.00483267891600963 -0.105399698751438 0.42842918101908 0.00770117694255472 0.240030510116218)
(0.656785541646667 0.00483267891600963 -0.105021357375438 0.427167072584837 0.00770117694255472 0.239716096399417)
(0.654240814338329 0.00483267891600963 -0.104643015999439 0.425917305432201 0.00770117694255472 0.239408592358402)
(0.651715644324669 0.00483267891600963 -0.104264674623439 0.424679710200459 0.00770117694255472 0.2391079267313)
(0.649209554484192 0.0280052144399958 -0.10388633324744 0.423453998802156 -0.00153261030275383 0.238813906214596)
(0.646722221691266 0.0280052144399958 -0.103507991871441 0.422239918604262 -0.00153261030275383 0.238526401878646)
(0.644253404329441 0.0280052144399958 -0.103129650495441 0.421037334912223 -0.00153261030275383 0.238245327604224)
(0.641802568503241 0.0280052144399958 -0.102751309119441 0.419845876695589 -0.00153261030275383 0.237970484573921)
(0.639369501827534 0.0280052144399958 -0.102372967743442 0.418665405500707 -0.00153261030275383 0.237701784225042)
(0.636953786159191 0.0280052144399958 -0.101994626367442 0.417495653572842 -0.00153261030275383 0.237439069796047)
(0.634555253954509 0.0280052144399958 -0.101616284991443 0.41633649187317 -0.00153261030275383 0.237182260563486)
(0.632173366121827 0.0280052144399958 -0.101237943615444 0.415187572986462 -0.00153261030275383 0.236931164512011)
(0.629807984542925 0.0280052144399958 -0.100859602239444 0.414048778362981 -0.00153261030275383 0.236685709186215)
(0.627458683780248 0.0280052144399958 -0.100481260863444 0.412919848772713 -0.00153261030275383 0.236445744330419)
(0.625125353498431 0.0280052144399958 -0.100102919487445 0.411800675342952 -0.00153261030275383 0.236211194935617)
(0.622807370420122 0.0280052144399958 -0.0997245781114456 0.41069087341401 -0.00153261030275383 0.235981843439182)
(0.620504717243543 0.0280052144399958 -0.0993462367354462 0.409590392597419 -0.00153261030275383 0.235757666674588)
(0.618217047991014 0.0280052144399958 -0.0989678953594468 0.408499024556833 -0.00153261030275383 0.23553853178674)
(0.615944016288628 0.0280052144399958 -0.0985895539834474 0.407416518390982 -0.00153261030275383 0.235324273326527)
(0.613685481796995 0.0280052144399958 -0.0982112126074475 0.40634279869626 -0.00153261030275383 0.235114863958475)
(0.611441034472202 0.0280052144399958 -0.0978328712314481 0.405277552002305 -0.00153261030275383 0.234910114808691)
(0.609210546643741 0.0280052144399958 -0.0974545298554487 0.404220699834345 -0.00153261030275383 0.234709975278884)
(0.606993607010571 -0.0400705075466508 -0.0970761884794493 0.403171969381717 0.00277074397867275 0.234514265676441)
(0.604790117840342 -0.0400705075466508 -0.0966978471034499 0.402131279175623 0.00277074397867275 0.234322954784926)
(0.602599758614119 -0.0400705075466508 -0.0963195057274505 0.401098413769877 0.00277074397867275 0.234135903916301)
(0.600422259973841 -0.0400705075466508 -0.0959411643514506 0.4000731852204 0.00277074397867275 0.233952995100681)
(0.598257516970255 -0.0400705075466508 -0.0955628229754512 0.399055535293676 0.00277074397867275 0.233774183513754)
(0.596105166094851 -0.0400705075466508 -0.0951844815994518 0.398045159708181 0.00277074397867275 0.233599296582409)
(0.593965025445555 -0.0400705075466508 -0.0948061402234524 0.397041981839454 0.00277074397867275 0.233428267002593)
(0.591836910836558 -0.0400705075466508 -0.094427798847453 0.396045853623698 0.00277074397867275 0.233261026575383)
(0.589720581076868 -0.0400705075466508 -0.0940494574714536 0.395056596449084 0.00277074397867275 0.233097432082006)
(0.587615760530229 -0.0400705075466508 -0.0936711160954537 0.394074031286229 0.00277074397867275 0.232937382629738)
(0.585522400481132 -0.0400705075466508 -0.0932927747194543 0.393098105735268 0.00277074397867275 0.232780860301326)
(0.583440168536114 -0.0400705075466508 -0.0929144333434549 0.392128582140608 0.00277074397867275 0.232627688695319)
(0.581368908010864 -0.0400705075466508 -0.0925360919674555 0.391165363483381 0.00277074397867275 0.232477817392072)
(0.579308477123391 -0.0400705075466508 -0.0921577505914561 0.390208337369805 0.00277074397867275 0.232331162819683)
(0.577258645920487 -0.0400705075466508 -0.0917794092154567 0.389257348491296 0.00277074397867275 0.232187631439816)
(0.575219098678622 -0.0400705075466508 -0.0914010678394568 0.388312157948722 0.00277074397867275 0.232047066231911)
(0.573189895795861 -0.0400705075466508 -0.0910227264634574 0.387372803501765 0.00277074397867275 0.231909496774289)
(0.571170736258977 -0.0400705075466508 -0.090644385087458 0.386439086492471 0.00277074397867275 0.231774775509516)
(0.569161387942706 -0.0450389820277221 -0.0902660437114586 0.385510821525722 0.00230768442304138 0.231642795811599)
(0.567161853916567 -0.0450389820277221 -0.0898877023354592 0.384588015328908 0.00230768442304138 0.231513543573522)
(0.565171732419045 -0.0450389820277221 -0.0895093609594598 0.383670372279816 0.00230768442304138 0.23138682866484)
(0.563191107111785 -0.0450389820277221 -0.08913101958346 0.382757951333158 0.00230768442304138 0.231262698385132)
(0.561219692661953 -0.0450389820277221 -0.0887526782074606 0.381850538026802 0.00230768442304138 0.231141002610487)
(0.559257304257008 -0.0450389820277221 -0.0883743368314611 0.380947999847318 0.00230768442304138 0.231021653553645)
(0.557303838402352 -0.0450389820277221 -0.0879959954554617 0.380050271081695 0.00230768442304138 0.230904581972396)
(0.555359125555846 -0.0450389820277221 -0.0876176540794623 0.379157203964958 0.00230768442304138 0.230789709829219)
(0.553423174103047 -0.0450389820277221 -0.0872393127034629 0.37826879769566 0.00230768442304138 0.230677029047412)
(0.551495600563308 -0.0450389820277221 -0.0868609713274635 0.377384811663245 0.00230768442304138 0.230566368302865)
(0.549576348482736 -0.0450389820277221 -0.0864826299514637 0.376505163466494 0.00230768442304138 0.23045766694487)
(0.547665342607635 -0.0450389820277221 -0.0861042885754643 0.375629797463265 0.00230768442304138 0.230350896390095)
(0.545762410097896 -0.0450389820277221 -0.0857259471994649 0.374758591124469 0.00230768442304138 0.230245954226517)
(0.543867411702175 -0.0450389820277221 -0.0853476058234655 0.373891421675111 0.00230768442304138 0.230142770423233)
(0.541980252387628 -0.0450389820277221 -0.0849692644474661 0.373028245344756 0.00230768442304138 0.23004129292504)
(0.540100808208789 -0.0450389820277221 -0.0845909230714667 0.372168938215155 0.00230768442304138 0.229941439766018)
(0.538228921439261 -0.0450389820277221 -0.0842125816954668 0.371313390098548 0.00230768442304138 0.229843128583073)
(0.53636452785078 -0.0450389820277221 -0.0838342403194674 0.370461555212095 0.00230768442304138 0.229746316698118)
(0.534507485084031 0.0160264846619839 -0.083455898943468 0.369613308316419 -0.0201838942751937 0.22965093177638)
(0.53265766745856 0.0160264846619839 -0.0830775575674686 0.368768565823884 -0.0201838942751937 0.229556890118867)
(0.530814915651771 0.0160264846619839 -0.0826992161914692 0.367927202075696 -0.0201838942751937 0.229464118651517)
(0.528979212449402 0.0160264846619839 -0.0823208748154698 0.36708918288839 -0.0201838942751937 0.229372572766552)
(0.527150397138443 0.0160264846619839 -0.0819425334394699 0.366254423415035 -0.0201838942751937 0.229282189517319)
(0.525328450250974 0.0160264846619839 -0.0815641920634705 0.36542286011863 -0.0201838942751937 0.229192923285819)
(0.523513169226864 0.0160264846619839 -0.0811858506874711 0.36459434400002 -0.0201838942751937 0.229104659540558)
(0.521704500141532 0.0160264846619839 -0.0808075093114717 0.363768838630962 -0.0201838942751937 0.229017373934546)
(0.519902314267327 0.0160264846619839 -0.0804291679354723 0.362946243845583 -0.0201838942751937 0.228930979873042)
(0.518106605634604 0.0160264846619839 -0.0800508265594729 0.362126549710704 -0.0201838942751937 0.228845463138095)
(0.516317155110478 0.0160264846619839 -0.079672485183473 0.361309578839983 -0.0201838942751937 0.228760707926584)
(0.514533955746398 0.0160264846619839 -0.0792941438074736 0.360495334490179 -0.0201838942751937 0.228676688214811)
(0.512756982249531 0.0160264846619839 -0.0789158024314742 0.359683749238998 -0.0201838942751937 0.228593366344617)
)
