(
(0.1258895 0 0)
(5.0355798 0 0)
(5.723811 0 0)
(6.1292711 0 0)
(6.4189587 0 0)
(6.6452094 0 0)
(6.8313351 0 0)
(6.9897707 0 0)
(7.127939 0 0)
(7.2506279 0 0)
(7.3611062 0 0)
(7.4617058 0 0)
(7.5541482 0 0)
(7.639741 0 0)
(7.7195003 0 0)
(7.7942318 0 0)
(7.864585 0 0)
(7.9310911 0 0)
(7.9941902 0 0)
(8.0542508 0 0)
(8.1115849 0 0)
(8.1664586 0 0)
(8.2191009 0 0)
(8.2697102 0 0)
(8.3184597 0 0)
(8.3655012 0 0)
(8.4109688 0 0)
(8.4549813 0 0)
(8.4976445 0 0)
(8.5390532 0 0)
(8.5792924 0 0)
(8.6184389 0 0)
(8.656562 0 0)
(8.6937248 0 0)
(8.7299845 0 0)
(8.7653936 0 0)
(8.8 0 0)
(8.8338476 0 0)
(8.866977 0 0)
(8.8994255 0 0)
(8.9312275 0 0)
(8.962415 0 0)
(8.9930176 0 0)
(9.0230628 0 0)
(9.0525763 0 0)
(9.0815819 0 0)
(9.110102 0 0)
(9.1381575 0 0)
(9.1657679 0 0)
(9.1929516 0 0)
(9.2197258 0 0)
(9.2461068 0 0)
(9.2721097 0 0)
(9.2977492 0 0)
(9.3230386 0 0)
(9.3479909 0 0)
(9.3726182 0 0)
(9.396932 0 0)
(9.4209433 0 0)
(9.4446623 0 0)
(9.4680989 0 0)
(9.4912624 0 0)
(9.5141618 0 0)
(9.5368054 0 0)
(9.5592013 0 0)
(9.5813572 0 0)
(9.6032804 0 0)
(9.624978 0 0)
(9.6464565 0 0)
(9.6677225 0 0)
(9.688782 0 0)
(9.7096409 0 0)
(9.7303048 0 0)
(9.750779 0 0)
(9.7710688 0 0)
(9.7911791 0 0)
(9.8111146 0 0)
(9.8308799 0 0)
(9.8504795 0 0)
(9.8699174 0 0)
(9.8891979 0 0)
(9.9083247 0 0)
(9.9273017 0 0)
(9.9461326 0 0)
(9.9648207 0 0)
(9.9833695 0 0)
(10.001782 0 0)
(10.020062 0 0)
(10.038212 0 0)
(10.056235 0 0)
(10.074134 0 0)
(10.091912 0 0)
(10.109571 0 0)
(10.127113 0 0)
(10.144543 0 0)
(10.16186 0 0)
(10.179069 0 0)
(10.196172 0 0)
(10.213169 0 0)
(10.230065 0 0)
(10.24686 0 0)
(10.263557 0 0)
(10.280157 0 0)
(10.296663 0 0)
(10.313077 0 0)
(10.329399 0 0)
(10.345633 0 0)
(10.361778 0 0)
(10.377838 0 0)
(10.393814 0 0)
(10.409707 0 0)
(10.425519 0 0)
(10.441251 0 0)
(10.456904 0 0)
(10.472481 0 0)
(10.487982 0 0)
(10.503409 0 0)
(10.518762 0 0)
(10.534044 0 0)
(10.549255 0 0)
(10.564397 0 0)
(10.579471 0 0)
(10.594477 0 0)
(10.609417 0 0)
(10.624293 0 0)
(10.639104 0 0)
(10.653853 0 0)
(10.668539 0 0)
(10.683165 0 0)
(10.697731 0 0)
(10.712237 0 0)
(10.726686 0 0)
(10.741077 0 0)
(10.755412 0 0)
(10.769691 0 0)
(10.783915 0 0)
(10.798086 0 0)
(10.812203 0 0)
(10.826268 0 0)
(10.840281 0 0)
(10.854244 0 0)
(10.868156 0 0)
(10.882019 0 0)
(10.895833 0 0)
(10.9096 0 0)
(10.923318 0 0)
(10.93699 0 0)
(10.950616 0 0)
(10.964196 0 0)
(10.977732 0 0)
(10.991223 0 0)
(11.004671 0 0)
(11.018075 0 0)
(11.031437 0 0)
(11.044757 0 0)
(11.058035 0 0)
(11.071273 0 0)
(11.08447 0 0)
(11.097627 0 0)
(11.110745 0 0)
(11.123824 0 0)
(11.136864 0 0)
(11.149867 0 0)
(11.162832 0 0)
(11.17576 0 0)
(11.188652 0 0)
(11.201508 0 0)
(11.214327 0 0)
(11.227112 0 0)
(11.239862 0 0)
(11.252577 0 0)
(11.265259 0 0)
(11.277906 0 0)
(11.290521 0 0)
(11.303103 0 0)
(11.315652 0 0)
(11.328169 0 0)
(11.340654 0 0)
(11.353109 0 0)
(11.365532 0 0)
(11.377924 0 0)
(11.390286 0 0)
(11.402618 0 0)
(11.41492 0 0)
(11.427193 0 0)
(11.439437 0 0)
(11.451652 0 0)
(11.463839 0 0)
(11.475998 0 0)
(11.488129 0 0)
(11.500232 0 0)
(11.512308 0 0)
(11.524357 0 0)
(11.53638 0 0)
(11.548376 0 0)
(11.560346 0 0)
(11.57229 0 0)
(11.584209 0 0)
(11.596102 0 0)
(11.60797 0 0)
(11.619814 0 0)
)
