(
0.001666368
0.066654709
0.16381036
0.27123855
0.38251467
0.49419007
0.60418524
0.71120584
0.81445728
0.91348033
1.0080467
1.0980886
1.1836494
1.2648482
1.3418547
1.4148698
1.4841129
1.5498112
1.6121936
1.6714848
1.7279027
1.7816555
1.8329406
1.8819437
1.9288385
1.9737869
2.0169387
2.0584328
2.0983968
2.1369484
2.1741955
2.2102369
2.245163
2.2790564
2.3119924
2.3440398
2.3752609
2.4057127
2.4354466
2.4645096
2.492944
2.5207883
2.5480773
2.5748424
2.601112
2.6269116
2.6522644
2.6771912
2.7017105
2.7258392
2.7495924
2.7729835
2.7960247
2.8187268
2.8410996
2.8631516
2.8848906
2.9063237
2.9274569
2.9482958
2.9688454
2.9891102
3.0090941
3.0288008
3.0482336
3.0673954
3.0862889
3.1049167
3.123281
3.1413841
3.159228
3.1768147
3.194146
3.2112238
3.2280498
3.2446257
3.2609534
3.2770346
3.292871
3.3084644
3.3238166
3.3389293
3.3538046
3.3684442
3.3828502
3.3970245
3.4109691
3.4246862
3.4381778
3.4514461
3.4644934
3.4773219
3.4899339
3.5023318
3.5145179
3.5264947
3.5382647
3.5498302
3.5611938
3.5723581
3.5833256
3.5940988
3.6046805
3.6150731
3.6252793
3.6353017
3.645143
3.6548058
3.6642926
3.6736062
3.6827492
3.6917242
3.7005337
3.7091804
3.7176669
3.7259956
3.7341693
3.7421903
3.7500612
3.7577845
3.7653626
3.7727979
3.7800929
3.78725
3.7942714
3.8011596
3.8079167
3.8145451
3.821047
3.8274245
3.8336799
3.8398153
3.8458327
3.8517342
3.8575218
3.8631977
3.8687636
3.8742215
3.8795734
3.884821
3.8899662
3.8950108
3.8999566
3.9048052
3.9095583
3.9142177
3.9187849
3.9232615
3.9276491
3.9319492
3.9361633
3.9402929
3.9443394
3.9483042
3.9521886
3.9559941
3.959722
3.9633735
3.9669498
3.9704523
3.9738822
3.9772406
3.9805286
3.9837474
3.9868982
3.989982
3.9929998
3.9959526
3.9988416
4.0016676
4.0044317
4.0071348
4.0097778
4.0123616
4.0148872
4.0173552
4.0197667
4.0221224
4.0244232
4.0266697
4.0288629
4.0310034
4.033092
4.0351294
4.0371162
4.0390533
4.0409413
4.0427808
4.0445724
4.0463168
4.0480147
4.0496666
4.051273
4.0528347
4.054352
4.0558257
4.0572562
4.058644
4.0599897
4.0612938
4.0625567
)
