(
(0.087770412 0 0)
(3.5108165 0 0)
(4.3806423 0 0)
(4.8921326 0 0)
(5.2569129 0 0)
(5.5413043 0 0)
(5.774848 0 0)
(5.9733022 0 0)
(6.1460732 0 0)
(6.299228 0 0)
(6.4369094 0 0)
(6.5620721 0 0)
(6.6768979 0 0)
(6.7830436 0 0)
(6.8817969 0 0)
(6.974179 0 0)
(7.0610127 0 0)
(7.1429712 0 0)
(7.2206123 0 0)
(7.294403 0 0)
(7.3647385 0 0)
(7.4319562 0 0)
(7.4963461 0 0)
(7.5581598 0 0)
(7.6176167 0 0)
(7.6749092 0 0)
(7.7302072 0 0)
(7.7836612 0 0)
(7.8354054 0 0)
(7.8855598 0 0)
(7.9342322 0 0)
(7.9815199 0 0)
(8.0275107 0 0)
(8.0722846 0 0)
(8.1159141 0 0)
(8.1584657 0 0)
(8.2 0 0)
(8.2405729 0 0)
(8.2802355 0 0)
(8.3190353 0 0)
(8.3570158 0 0)
(8.3942177 0 0)
(8.4306783 0 0)
(8.4664326 0 0)
(8.501513 0 0)
(8.5359499 0 0)
(8.5697716 0 0)
(8.6030044 0 0)
(8.6356733 0 0)
(8.6678014 0 0)
(8.6994106 0 0)
(8.7305215 0 0)
(8.7611534 0 0)
(8.7913245 0 0)
(8.8210522 0 0)
(8.8503526 0 0)
(8.8792412 0 0)
(8.9077325 0 0)
(8.9358404 0 0)
(8.963578 0 0)
(8.9909577 0 0)
(9.0179913 0 0)
(9.0446901 0 0)
(9.0710649 0 0)
(9.0971258 0 0)
(9.1228826 0 0)
(9.1483445 0 0)
(9.1735204 0 0)
(9.1984188 0 0)
(9.2230478 0 0)
(9.2474152 0 0)
(9.2715283 0 0)
(9.2953944 0 0)
(9.3190201 0 0)
(9.342412 0 0)
(9.3655765 0 0)
(9.3885195 0 0)
(9.4112468 0 0)
(9.4337641 0 0)
(9.4560766 0 0)
(9.4781895 0 0)
(9.5001077 0 0)
(9.5218361 0 0)
(9.5433792 0 0)
(9.5647415 0 0)
(9.5859273 0 0)
(9.6069406 0 0)
(9.6277856 0 0)
(9.6484659 0 0)
(9.6689854 0 0)
(9.6893476 0 0)
(9.7095561 0 0)
(9.7296141 0 0)
(9.7495249 0 0)
(9.7692918 0 0)
(9.7889176 0 0)
(9.8084054 0 0)
(9.8277581 0 0)
(9.8469783 0 0)
(9.8660689 0 0)
(9.8850324 0 0)
(9.9038713 0 0)
(9.9225881 0 0)
(9.9411851 0 0)
(9.9596648 0 0)
(9.9780293 0 0)
(9.9962808 0 0)
(10.014421 0 0)
(10.032453 0 0)
(10.050378 0 0)
(10.068198 0 0)
(10.085916 0 0)
(10.103532 0 0)
(10.121049 0 0)
(10.138468 0 0)
(10.155791 0 0)
(10.173021 0 0)
(10.190157 0 0)
(10.207203 0 0)
(10.224159 0 0)
(10.241028 0 0)
(10.257809 0 0)
(10.274506 0 0)
(10.291119 0 0)
(10.30765 0 0)
(10.324099 0 0)
(10.340469 0 0)
(10.356761 0 0)
(10.372975 0 0)
(10.389113 0 0)
(10.405177 0 0)
(10.421166 0 0)
(10.437083 0 0)
(10.452929 0 0)
(10.468704 0 0)
(10.48441 0 0)
(10.500047 0 0)
(10.515617 0 0)
(10.531121 0 0)
(10.546559 0 0)
(10.561933 0 0)
(10.577244 0 0)
(10.592491 0 0)
(10.607677 0 0)
(10.622802 0 0)
(10.637867 0 0)
(10.652873 0 0)
(10.66782 0 0)
(10.682709 0 0)
(10.697542 0 0)
(10.712319 0 0)
(10.72704 0 0)
(10.741706 0 0)
(10.756319 0 0)
(10.770879 0 0)
(10.785386 0 0)
(10.799841 0 0)
(10.814245 0 0)
(10.828598 0 0)
(10.842901 0 0)
(10.857156 0 0)
(10.871361 0 0)
(10.885519 0 0)
(10.899629 0 0)
(10.913692 0 0)
(10.927709 0 0)
(10.94168 0 0)
(10.955606 0 0)
(10.969487 0 0)
(10.983324 0 0)
(10.997118 0 0)
(11.010868 0 0)
(11.024576 0 0)
(11.038241 0 0)
(11.051866 0 0)
(11.065448 0 0)
(11.078991 0 0)
(11.092493 0 0)
(11.105955 0 0)
(11.119378 0 0)
(11.132762 0 0)
(11.146108 0 0)
(11.159415 0 0)
(11.172685 0 0)
(11.185918 0 0)
(11.199114 0 0)
(11.212274 0 0)
(11.225397 0 0)
(11.238485 0 0)
(11.251538 0 0)
(11.264556 0 0)
(11.277539 0 0)
(11.290489 0 0)
(11.303404 0 0)
(11.316286 0 0)
(11.329135 0 0)
(11.341951 0 0)
(11.354735 0 0)
(11.367487 0 0)
(11.380207 0 0)
(11.392895 0 0)
)
