   3.1250000e-04   6.6420194e-02   1.0102948e-02   7.8803064e-03   5.5566352e-03   1.2429382e-03   2.9492016e-04   1.0339769e-04
   1.2500000e-02   2.6568078e+00   4.0411793e-01   3.1521225e-01   2.2226541e-01   4.9717529e-02   1.1796807e-02   4.1359075e-03
   2.5000000e-02   3.5973757e+00   3.2491220e-01   2.5343237e-01   1.7870347e-01   1.2632101e-01   2.9973250e-02   1.0508640e-02
   3.7500000e-02   4.1500843e+00   2.9503418e-01   2.3012842e-01   1.6227239e-01   2.1405563e-01   5.0791427e-02   1.7807936e-02
   5.0000000e-02   4.5439954e+00   2.7807485e-01   2.1690133e-01   1.5294719e-01   3.0784950e-01   7.3048272e-02   2.5612255e-02
   6.2500000e-02   4.8508942e+00   2.6667255e-01   2.0800900e-01   1.4667892e-01   4.0487302e-01   9.6072761e-02   3.3686590e-02
   7.5000000e-02   5.1027559e+00   2.5824928e-01   2.0144059e-01   1.4204968e-01   5.0329833e-01   1.1943156e-01   4.1879257e-02
   8.7500000e-02   5.3166370e+00   2.5164032e-01   1.9628761e-01   1.3841886e-01   6.0186564e-01   1.4282608e-01   5.0085809e-02
   1.0000000e-01   5.5027188e+00   2.4623304e-01   1.9207220e-01   1.3544950e-01   6.9968032e-01   1.6604439e-01   5.8232157e-02
   1.1250000e-01   5.6675683e+00   2.4167054e-01   1.8851597e-01   1.3294528e-01   7.9610053e-01   1.8893448e-01   6.6265214e-02
   1.2500000e-01   5.8156694e+00   2.3772899e-01   1.8544434e-01   1.3078311e-01   8.9066755e-01   2.1138781e-01   7.4147106e-02
   1.3750000e-01   5.9502205e+00   2.3426000e-01   1.8274155e-01   1.2888135e-01   9.8305918e-01   2.3332817e-01   8.1851290e-02
   1.5000000e-01   6.0735830e+00   2.3116075e-01   1.8032740e-01   1.2718345e-01   1.0730568e+00   2.5470392e-01   8.9359814e-02
   1.6250000e-01   6.1875501e+00   2.2835748e-01   1.7814436e-01   1.2564883e-01   1.1605211e+00   2.7548222e-01   9.6661310e-02
   1.7500000e-01   6.2935159e+00   2.2579571e-01   1.7614992e-01   1.2424752e-01   1.2453740e+00   2.9564473e-01   1.0374947e-01
   1.8750000e-01   6.3925855e+00   2.2343418e-01   1.7431191e-01   1.2295682e-01   1.3275844e+00   3.1518425e-01   1.1062190e-01
   2.0000000e-01   6.4856495e+00   2.2124104e-01   1.7260547e-01   1.2175920e-01   1.4071572e+00   3.3410212e-01   1.1727917e-01
   2.1250000e-01   6.5734368e+00   2.1919122e-01   1.7101105e-01   1.2064087e-01   1.4841250e+00   3.5240620e-01   1.2372412e-01
   2.2500000e-01   6.6565509e+00   2.1726470e-01   1.6951302e-01   1.1959081e-01   1.5585410e+00   3.7010923e-01   1.2996133e-01
   2.3750000e-01   6.7354973e+00   2.1544526e-01   1.6809874e-01   1.1860010e-01   1.6304735e+00   3.8722757e-01   1.3599661e-01
   2.5000000e-01   6.8107039e+00   2.1371963e-01   1.6675784e-01   1.1766143e-01   1.7000019e+00   4.0378017e-01   1.4183668e-01
   2.6250000e-01   6.8825357e+00   2.1207678e-01   1.6548173e-01   1.1676873e-01   1.7672130e+00   4.1978772e-01   1.4748886e-01
   2.7500000e-01   6.9513068e+00   2.1050752e-01   1.6426324e-01   1.1591694e-01   1.8321986e+00   4.3527208e-01   1.5296088e-01
   2.8750000e-01   7.0172895e+00   2.0900408e-01   1.6309629e-01   1.1510177e-01   1.8950529e+00   4.5025573e-01   1.5826070e-01
   3.0000000e-01   7.0807211e+00   2.0755985e-01   1.6197573e-01   1.1431960e-01   1.9558712e+00   4.6476136e-01   1.6339631e-01
   3.1250000e-01   7.1418100e+00   2.0616917e-01   1.6089714e-01   1.1356729e-01   2.0147486e+00   4.7881159e-01   1.6837572e-01
   3.2500000e-01   7.2007401e+00   2.0482715e-01   1.5985671e-01   1.1284216e-01   2.0717785e+00   4.9242872e-01   1.7320679e-01
   3.3750000e-01   7.2576742e+00   2.0352957e-01   1.5885114e-01   1.1214188e-01   2.1270527e+00   5.0563454e-01   1.7789722e-01
   3.5000000e-01   7.3127577e+00   2.0227272e-01   1.5787754e-01   1.1146440e-01   2.1806599e+00   5.1845020e-01   1.8245447e-01
   3.6250000e-01   7.3661204e+00   2.0105337e-01   1.5693338e-01   1.1080794e-01   2.2326859e+00   5.3089613e-01   1.8688575e-01
   3.7500000e-01   7.4178791e+00   1.9986866e-01   1.5601643e-01   1.1017093e-01   2.2832130e+00   5.4299193e-01   1.9119799e-01
   3.8750000e-01   7.4681389e+00   1.9871606e-01   1.5512472e-01   1.0955196e-01   2.3323201e+00   5.5475638e-01   1.9539781e-01
   4.0000000e-01   7.5169950e+00   1.9759332e-01   1.5425649e-01   1.0894980e-01   2.3800823e+00   5.6620737e-01   1.9949155e-01
   4.1250000e-01   7.5645339e+00   1.9649843e-01   1.5341016e-01   1.0836333e-01   2.4265710e+00   5.7736191e-01   2.0348520e-01
   4.2500000e-01   7.6108341e+00   1.9542960e-01   1.5258434e-01   1.0779157e-01   2.4718541e+00   5.8823616e-01   2.0738447e-01
   4.3750000e-01   7.6559676e+00   1.9438520e-01   1.5177776e-01   1.0723362e-01   2.5159955e+00   5.9884536e-01   2.1119477e-01
   4.5000000e-01   7.7000000e+00   1.9336378e-01   1.5098928e-01   1.0668867e-01   2.5590557e+00   6.0920396e-01   2.1492120e-01
   4.6250000e-01   7.7429917e+00   1.9236401e-01   1.5021786e-01   1.0615598e-01   2.6010919e+00   6.1932553e-01   2.1856856e-01
   4.7500000e-01   7.7849983e+00   1.9138469e-01   1.4946258e-01   1.0563491e-01   2.6421576e+00   6.2922288e-01   2.2214139e-01
   4.8750000e-01   7.8260708e+00   1.9042474e-01   1.4872256e-01   1.0512483e-01   2.6823034e+00   6.3890804e-01   2.2564395e-01
   5.0000000e-01   7.8662567e+00   1.8948316e-01   1.4799705e-01   1.0462520e-01   2.7215765e+00   6.4839231e-01   2.2908025e-01
   5.1250000e-01   7.9055996e+00   1.8855902e-01   1.4728531e-01   1.0413552e-01   2.7600213e+00   6.5768627e-01   2.3245405e-01
   5.2500000e-01   7.9441403e+00   1.8765150e-01   1.4658670e-01   1.0365531e-01   2.7976795e+00   6.6679984e-01   2.3576887e-01
   5.3750000e-01   7.9819165e+00   1.8675983e-01   1.4590061e-01   1.0318415e-01   2.8345898e+00   6.7574232e-01   2.3902800e-01
   5.5000000e-01   8.0189633e+00   1.8588328e-01   1.4522648e-01   1.0272164e-01   2.8707886e+00   6.8452239e-01   2.4223455e-01
   5.6250000e-01   8.0553135e+00   1.8502122e-01   1.4456381e-01   1.0226743e-01   2.9063099e+00   6.9314817e-01   2.4539140e-01
   5.7500000e-01   8.0909978e+00   1.8417302e-01   1.4391211e-01   1.0182117e-01   2.9411854e+00   7.0162722e-01   2.4850124e-01
   5.8750000e-01   8.1260448e+00   1.8333813e-01   1.4327095e-01   1.0138254e-01   2.9754446e+00   7.0996661e-01   2.5156661e-01
   6.0000000e-01   8.1604813e+00   1.8251602e-01   1.4263991e-01   1.0095126e-01   3.0091150e+00   7.1817294e-01   2.5458984e-01
   6.1250000e-01   8.1943325e+00   1.8170620e-01   1.4201862e-01   1.0052705e-01   3.0422222e+00   7.2625234e-01   2.5757315e-01
   6.2500000e-01   8.2276220e+00   1.8090821e-01   1.4140670e-01   1.0010967e-01   3.0747902e+00   7.3421054e-01   2.6051857e-01
   6.3750000e-01   8.2603722e+00   1.8012164e-01   1.4080384e-01   9.9698862e-02   3.1068410e+00   7.4205284e-01   2.6342802e-01
   6.5000000e-01   8.2926039e+00   1.7934608e-01   1.4020971e-01   9.9294415e-02   3.1383954e+00   7.4978420e-01   2.6630326e-01
   6.6250000e-01   8.3243370e+00   1.7858115e-01   1.3962403e-01   9.8896119e-02   3.1694725e+00   7.5740922e-01   2.6914596e-01
   6.7500000e-01   8.3555899e+00   1.7782652e-01   1.3904651e-01   9.8503775e-02   3.2000901e+00   7.6493218e-01   2.7195765e-01
   6.8750000e-01   8.3863805e+00   1.7708183e-01   1.3847690e-01   9.8117200e-02   3.2302648e+00   7.7235703e-01   2.7473977e-01
   7.0000000e-01   8.4167253e+00   1.7634680e-01   1.3791496e-01   9.7736218e-02   3.2600117e+00   7.7968748e-01   2.7749364e-01
   7.1250000e-01   8.4466401e+00   1.7562111e-01   1.3736045e-01   9.7360665e-02   3.2893452e+00   7.8692693e-01   2.8022050e-01
   7.2500000e-01   8.4761398e+00   1.7490449e-01   1.3681315e-01   9.6990384e-02   3.3182785e+00   7.9407856e-01   2.8292151e-01
   7.3750000e-01   8.5052387e+00   1.7419669e-01   1.3627286e-01   9.6625229e-02   3.3468237e+00   8.0114532e-01   2.8559773e-01
   7.5000000e-01   8.5339503e+00   1.7349745e-01   1.3573939e-01   9.6265060e-02   3.3749921e+00   8.0812992e-01   2.8825016e-01
   7.6250000e-01   8.5622873e+00   1.7280653e-01   1.3521254e-01   9.5909742e-02   3.4027942e+00   8.1503491e-01   2.9087971e-01
   7.7500000e-01   8.5902619e+00   1.7212371e-01   1.3469215e-01   9.5559152e-02   3.4302398e+00   8.2186261e-01   2.9348724e-01
   7.8750000e-01   8.6178858e+00   1.7144878e-01   1.3417804e-01   9.5213167e-02   3.4573377e+00   8.2861520e-01   2.9607356e-01
   8.0000000e-01   8.6451699e+00   1.7078154e-01   1.3367005e-01   9.4871673e-02   3.4840964e+00   8.3529470e-01   2.9863938e-01
   8.1250000e-01   8.6721248e+00   1.7012179e-01   1.3316803e-01   9.4534562e-02   3.5105235e+00   8.4190296e-01   3.0118541e-01
   8.2500000e-01   8.6987606e+00   1.6946934e-01   1.3267184e-01   9.4201730e-02   3.5366262e+00   8.4844171e-01   3.0371228e-01
   8.3750000e-01   8.7250868e+00   1.6882403e-01   1.3218134e-01   9.3873075e-02   3.5624110e+00   8.5491256e-01   3.0622058e-01
   8.5000000e-01   8.7511127e+00   1.6818568e-01   1.3169639e-01   9.3548503e-02   3.5878840e+00   8.6131698e-01   3.0871086e-01
   8.6250000e-01   8.7768469e+00   1.6755413e-01   1.3121687e-01   9.3227923e-02   3.6130511e+00   8.6765636e-01   3.1118363e-01
   8.7500000e-01   8.8022980e+00   1.6692922e-01   1.3074266e-01   9.2911247e-02   3.6379173e+00   8.7393197e-01   3.1363937e-01
   8.8750000e-01   8.8274739e+00   1.6631082e-01   1.3027363e-01   9.2598391e-02   3.6624877e+00   8.8014501e-01   3.1607852e-01
   9.0000000e-01   8.8523822e+00   1.6569877e-01   1.2980968e-01   9.2289274e-02   3.6867667e+00   8.8629656e-01   3.1850149e-01
   9.1250000e-01   8.8770305e+00   1.6509295e-01   1.2935071e-01   9.1983818e-02   3.7107586e+00   8.9238767e-01   3.2090867e-01
   9.2500000e-01   8.9014258e+00   1.6449321e-01   1.2889659e-01   9.1681949e-02   3.7344673e+00   8.9841929e-01   3.2330042e-01
   9.3750000e-01   8.9255749e+00   1.6389943e-01   1.2844725e-01   9.1383595e-02   3.7578966e+00   9.0439231e-01   3.2567707e-01
   9.5000000e-01   8.9494842e+00   1.6331150e-01   1.2800257e-01   9.1088686e-02   3.7810498e+00   9.1030758e-01   3.2803895e-01
   9.6250000e-01   8.9731601e+00   1.6272929e-01   1.2756247e-01   9.0797155e-02   3.8039302e+00   9.1616586e-01   3.3038634e-01
   9.7500000e-01   8.9966086e+00   1.6215269e-01   1.2712686e-01   9.0508939e-02   3.8265409e+00   9.2196791e-01   3.3271953e-01
   9.8750000e-01   9.0198355e+00   1.6158160e-01   1.2669565e-01   9.0223974e-02   3.8488846e+00   9.2771441e-01   3.3503878e-01
   1.0000000e+00   9.0428463e+00   1.6101590e-01   1.2626876e-01   8.9942200e-02   3.8709641e+00   9.3340602e-01   3.3734433e-01
   1.0125000e+00   9.0656464e+00   1.6045549e-01   1.2584610e-01   8.9663560e-02   3.8927820e+00   9.3904335e-01   3.3963642e-01
   1.0250000e+00   9.0882411e+00   1.5990029e-01   1.2542761e-01   8.9387996e-02   3.9143407e+00   9.4462700e-01   3.4191528e-01
   1.0375000e+00   9.1106352e+00   1.5935018e-01   1.2501320e-01   8.9115454e-02   3.9356425e+00   9.5015752e-01   3.4418111e-01
   1.0500000e+00   9.1328336e+00   1.5880508e-01   1.2460281e-01   8.8845881e-02   3.9566896e+00   9.5563545e-01   3.4643412e-01
   1.0625000e+00   9.1548409e+00   1.5826491e-01   1.2419635e-01   8.8579225e-02   3.9774841e+00   9.6106129e-01   3.4867451e-01
   1.0750000e+00   9.1766616e+00   1.5772957e-01   1.2379377e-01   8.8315437e-02   3.9980283e+00   9.6643556e-01   3.5090245e-01
   1.0875000e+00   9.1983000e+00   1.5719897e-01   1.2339499e-01   8.8054468e-02   4.0183239e+00   9.7175871e-01   3.5311814e-01
   1.1000000e+00   9.2197603e+00   1.5667305e-01   1.2299996e-01   8.7796271e-02   4.0383730e+00   9.7703121e-01   3.5532173e-01
   1.1125000e+00   9.2410464e+00   1.5615171e-01   1.2260860e-01   8.7540801e-02   4.0581775e+00   9.8225352e-01   3.5751342e-01
   1.1250000e+00   9.2621623e+00   1.5563489e-01   1.2222086e-01   8.7288013e-02   4.0777392e+00   9.8742607e-01   3.5969335e-01
   1.1375000e+00   9.2831118e+00   1.5512250e-01   1.2183668e-01   8.7037864e-02   4.0970600e+00   9.9254929e-01   3.6186169e-01
   1.1500000e+00   9.3038984e+00   1.5461448e-01   1.2145600e-01   8.6790311e-02   4.1161415e+00   9.9762361e-01   3.6401860e-01
   1.1625000e+00   9.3245258e+00   1.5411075e-01   1.2107876e-01   8.6545315e-02   4.1349857e+00   1.0026494e+00   3.6616423e-01
   1.1750000e+00   9.3449972e+00   1.5361124e-01   1.2070491e-01   8.6302834e-02   4.1535943e+00   1.0076272e+00   3.6829874e-01
   1.1875000e+00   9.3653161e+00   1.5311590e-01   1.2033440e-01   8.6062830e-02   4.1719690e+00   1.0125572e+00   3.7042227e-01
   1.2000000e+00   9.3854856e+00   1.5262464e-01   1.1996717e-01   8.5825265e-02   4.1901115e+00   1.0174401e+00   3.7253498e-01
   1.2125000e+00   9.4055088e+00   1.5213742e-01   1.1960317e-01   8.5590101e-02   4.2080236e+00   1.0222760e+00   3.7463701e-01
   1.2250000e+00   9.4253886e+00   1.5165416e-01   1.1924236e-01   8.5357304e-02   4.2257070e+00   1.0270655e+00   3.7672852e-01
   1.2375000e+00   9.4451281e+00   1.5117480e-01   1.1888469e-01   8.5126837e-02   4.2431634e+00   1.0318089e+00   3.7880964e-01
   1.2500000e+00   9.4647300e+00   1.5069930e-01   1.1853010e-01   8.4898666e-02   4.2603947e+00   1.0365067e+00   3.8088053e-01
   1.2625000e+00   9.4841971e+00   1.5022758e-01   1.1817856e-01   8.4672758e-02   4.2774025e+00   1.0411592e+00   3.8294132e-01
   1.2750000e+00   9.5035321e+00   1.4975959e-01   1.1783001e-01   8.4449079e-02   4.2941886e+00   1.0457669e+00   3.8499218e-01
   1.2875000e+00   9.5227374e+00   1.4929529e-01   1.1748442e-01   8.4227598e-02   4.3107548e+00   1.0503301e+00   3.8703324e-01
   1.3000000e+00   9.5418156e+00   1.4883461e-01   1.1714174e-01   8.4008282e-02   4.3271028e+00   1.0548493e+00   3.8906465e-01
   1.3125000e+00   9.5607692e+00   1.4837749e-01   1.1680192e-01   8.3791102e-02   4.3432345e+00   1.0593249e+00   3.9108656e-01
   1.3250000e+00   9.5796005e+00   1.4792390e-01   1.1646494e-01   8.3576026e-02   4.3591516e+00   1.0637573e+00   3.9309911e-01
   1.3375000e+00   9.5983118e+00   1.4747378e-01   1.1613075e-01   8.3363026e-02   4.3748559e+00   1.0681468e+00   3.9510246e-01
   1.3500000e+00   9.6169053e+00   1.4702708e-01   1.1579930e-01   8.3152073e-02   4.3903494e+00   1.0724940e+00   3.9709675e-01
   1.3625000e+00   9.6353832e+00   1.4658375e-01   1.1547056e-01   8.2943138e-02   4.4056338e+00   1.0767993e+00   3.9908213e-01
   1.3750000e+00   9.6537477e+00   1.4614375e-01   1.1514450e-01   8.2736194e-02   4.4207109e+00   1.0810630e+00   4.0105876e-01
   1.3875000e+00   9.6720007e+00   1.4570702e-01   1.1482107e-01   8.2531213e-02   4.4355827e+00   1.0852855e+00   4.0302678e-01
   1.4000000e+00   9.6901443e+00   1.4527353e-01   1.1450024e-01   8.2328169e-02   4.4502511e+00   1.0894674e+00   4.0498635e-01
   1.4125000e+00   9.7081804e+00   1.4484323e-01   1.1418198e-01   8.2127036e-02   4.4647179e+00   1.0936091e+00   4.0693762e-01
   1.4250000e+00   9.7261109e+00   1.4441608e-01   1.1386625e-01   8.1927789e-02   4.4789850e+00   1.0977110e+00   4.0888074e-01
   1.4375000e+00   9.7439377e+00   1.4399203e-01   1.1355301e-01   8.1730401e-02   4.4930544e+00   1.1017734e+00   4.1081587e-01
   1.4500000e+00   9.7616625e+00   1.4357104e-01   1.1324224e-01   8.1534849e-02   4.5069280e+00   1.1057969e+00   4.1274316e-01
   1.4625000e+00   9.7792872e+00   1.4315307e-01   1.1293389e-01   8.1341108e-02   4.5206077e+00   1.1097819e+00   4.1466276e-01
   1.4750000e+00   9.7968133e+00   1.4273809e-01   1.1262794e-01   8.1149155e-02   4.5340954e+00   1.1137289e+00   4.1657484e-01
   1.4875000e+00   9.8142426e+00   1.4232605e-01   1.1232436e-01   8.0958967e-02   4.5473932e+00   1.1176382e+00   4.1847954e-01
   1.5000000e+00   9.8315767e+00   1.4191691e-01   1.1202312e-01   8.0770519e-02   4.5605030e+00   1.1215104e+00   4.2037703e-01
   1.5125000e+00   9.8488172e+00   1.4151063e-01   1.1172418e-01   8.0583791e-02   4.5734267e+00   1.1253458e+00   4.2226745e-01
   1.5250000e+00   9.8659655e+00   1.4110718e-01   1.1142751e-01   8.0398760e-02   4.5861663e+00   1.1291450e+00   4.2415098e-01
   1.5375000e+00   9.8830233e+00   1.4070653e-01   1.1113309e-01   8.0215404e-02   4.5987238e+00   1.1329083e+00   4.2602776e-01
   1.5500000e+00   9.8999920e+00   1.4030863e-01   1.1084089e-01   8.0033701e-02   4.6111013e+00   1.1366362e+00   4.2789795e-01
   1.5625000e+00   9.9168730e+00   1.3991345e-01   1.1055087e-01   7.9853632e-02   4.6233005e+00   1.1403292e+00   4.2976171e-01
   1.5750000e+00   9.9336677e+00   1.3952096e-01   1.1026302e-01   7.9675175e-02   4.6353237e+00   1.1439877e+00   4.3161920e-01
   1.5875000e+00   9.9503775e+00   1.3913112e-01   1.0997730e-01   7.9498310e-02   4.6471726e+00   1.1476121e+00   4.3347057e-01
   1.6000000e+00   9.9670036e+00   1.3874390e-01   1.0969369e-01   7.9323018e-02   4.6588494e+00   1.1512030e+00   4.3531599e-01
   1.6125000e+00   9.9835475e+00   1.3835927e-01   1.0941216e-01   7.9149278e-02   4.6703559e+00   1.1547607e+00   4.3715561e-01
   1.6250000e+00   1.0000010e+01   1.3797719e-01   1.0913269e-01   7.8977071e-02   4.6816942e+00   1.1582857e+00   4.3898958e-01
   1.6375000e+00   1.0016393e+01   1.3759763e-01   1.0885524e-01   7.8806378e-02   4.6928662e+00   1.1617785e+00   4.4081807e-01
   1.6500000e+00   1.0032698e+01   1.3722057e-01   1.0857980e-01   7.8637182e-02   4.7038740e+00   1.1652394e+00   4.4264122e-01
   1.6625000e+00   1.0048925e+01   1.3684596e-01   1.0830634e-01   7.8469463e-02   4.7147194e+00   1.1686690e+00   4.4445920e-01
   1.6750000e+00   1.0065076e+01   1.3647379e-01   1.0803484e-01   7.8303202e-02   4.7254044e+00   1.1720676e+00   4.4627216e-01
   1.6875000e+00   1.0081152e+01   1.3610402e-01   1.0776526e-01   7.8138384e-02   4.7359310e+00   1.1754358e+00   4.4808025e-01
   1.7000000e+00   1.0097154e+01   1.3573662e-01   1.0749760e-01   7.7974989e-02   4.7463010e+00   1.1787739e+00   4.4988363e-01
   1.7125000e+00   1.0113083e+01   1.3537156e-01   1.0723182e-01   7.7813002e-02   4.7565166e+00   1.1820824e+00   4.5168246e-01
   1.7250000e+00   1.0128940e+01   1.3500882e-01   1.0696790e-01   7.7652404e-02   4.7665794e+00   1.1853617e+00   4.5347687e-01
   1.7375000e+00   1.0144726e+01   1.3464836e-01   1.0670583e-01   7.7493178e-02   4.7764915e+00   1.1886123e+00   4.5526703e-01
   1.7500000e+00   1.0160443e+01   1.3429017e-01   1.0644557e-01   7.7335310e-02   4.7862548e+00   1.1918345e+00   4.5705309e-01
   1.7625000e+00   1.0176091e+01   1.3393421e-01   1.0618711e-01   7.7178782e-02   4.7958711e+00   1.1950288e+00   4.5883519e-01
   1.7750000e+00   1.0191670e+01   1.3358045e-01   1.0593043e-01   7.7023578e-02   4.8053423e+00   1.1981956e+00   4.6061348e-01
   1.7875000e+00   1.0207184e+01   1.3322888e-01   1.0567550e-01   7.6869683e-02   4.8146702e+00   1.2013354e+00   4.6238812e-01
   1.8000000e+00   1.0222631e+01   1.3287946e-01   1.0542230e-01   7.6717080e-02   4.8238568e+00   1.2044485e+00   4.6415924e-01
   1.8125000e+00   1.0238013e+01   1.3253218e-01   1.0517082e-01   7.6565756e-02   4.8329038e+00   1.2075354e+00   4.6592699e-01
   1.8250000e+00   1.0253331e+01   1.3218700e-01   1.0492103e-01   7.6415694e-02   4.8418131e+00   1.2105965e+00   4.6769152e-01
   1.8375000e+00   1.0268586e+01   1.3184390e-01   1.0467291e-01   7.6266880e-02   4.8505864e+00   1.2136321e+00   4.6945297e-01
   1.8500000e+00   1.0283778e+01   1.3150285e-01   1.0442645e-01   7.6119299e-02   4.8592255e+00   1.2166427e+00   4.7121148e-01
   1.8625000e+00   1.0298909e+01   1.3116384e-01   1.0418162e-01   7.5972936e-02   4.8677323e+00   1.2196287e+00   4.7296719e-01
   1.8750000e+00   1.0313979e+01   1.3082684e-01   1.0393841e-01   7.5827778e-02   4.8761083e+00   1.2225904e+00   4.7472024e-01
   1.8875000e+00   1.0328989e+01   1.3049183e-01   1.0369680e-01   7.5683811e-02   4.8843554e+00   1.2255283e+00   4.7647077e-01
   1.9000000e+00   1.0343940e+01   1.3015878e-01   1.0345676e-01   7.5541019e-02   4.8924754e+00   1.2284427e+00   4.7821891e-01
   1.9125000e+00   1.0358833e+01   1.2982768e-01   1.0321829e-01   7.5399391e-02   4.9004698e+00   1.2313340e+00   4.7996479e-01
   1.9250000e+00   1.0373668e+01   1.2949849e-01   1.0298136e-01   7.5258912e-02   4.9083403e+00   1.2342026e+00   4.8170856e-01
   1.9375000e+00   1.0388446e+01   1.2917120e-01   1.0274596e-01   7.5119569e-02   4.9160886e+00   1.2370489e+00   4.8345034e-01
   1.9500000e+00   1.0403168e+01   1.2884579e-01   1.0251206e-01   7.4981349e-02   4.9237164e+00   1.2398732e+00   4.8519026e-01
   1.9625000e+00   1.0417835e+01   1.2852224e-01   1.0227966e-01   7.4844239e-02   4.9312253e+00   1.2426758e+00   4.8692845e-01
   1.9750000e+00   1.0432447e+01   1.2820052e-01   1.0204873e-01   7.4708226e-02   4.9386169e+00   1.2454572e+00   4.8866505e-01
   1.9875000e+00   1.0447005e+01   1.2788061e-01   1.0181926e-01   7.4573298e-02   4.9458926e+00   1.2482177e+00   4.9040016e-01
   2.0000000e+00   1.0461509e+01   1.2756250e-01   1.0159123e-01   7.4439442e-02   4.9530542e+00   1.2509577e+00   4.9213392e-01
   2.0125000e+00   1.0475961e+01   1.2724617e-01   1.0136462e-01   7.4306646e-02   4.9601032e+00   1.2536774e+00   4.9386645e-01
   2.0250000e+00   1.0490361e+01   1.2693159e-01   1.0113943e-01   7.4174897e-02   4.9670410e+00   1.2563773e+00   4.9559787e-01
   2.0375000e+00   1.0504710e+01   1.2661875e-01   1.0091563e-01   7.4044184e-02   4.9738692e+00   1.2590576e+00   4.9732830e-01
   2.0500000e+00   1.0519008e+01   1.2630762e-01   1.0069321e-01   7.3914496e-02   4.9805893e+00   1.2617187e+00   4.9905786e-01
   2.0625000e+00   1.0533256e+01   1.2599820e-01   1.0047214e-01   7.3785819e-02   4.9872026e+00   1.2643609e+00   5.0078667e-01
   2.0750000e+00   1.0547454e+01   1.2569045e-01   1.0025243e-01   7.3658144e-02   4.9937108e+00   1.2669846e+00   5.0251482e-01
   2.0875000e+00   1.0561603e+01   1.2538436e-01   1.0003405e-01   7.3531458e-02   5.0001151e+00   1.2695900e+00   5.0424245e-01
   2.1000000e+00   1.0575704e+01   1.2507992e-01   9.9816993e-02   7.3405750e-02   5.0064170e+00   1.2721774e+00   5.0596967e-01
   2.1125000e+00   1.0589757e+01   1.2477710e-01   9.9601236e-02   7.3281009e-02   5.0126179e+00   1.2747472e+00   5.0769657e-01
   2.1250000e+00   1.0603763e+01   1.2447590e-01   9.9386768e-02   7.3157225e-02   5.0187192e+00   1.2772997e+00   5.0942327e-01
   2.1375000e+00   1.0617723e+01   1.2417628e-01   9.9173576e-02   7.3034386e-02   5.0247221e+00   1.2798352e+00   5.1114987e-01
   2.1500000e+00   1.0631636e+01   1.2387824e-01   9.8961646e-02   7.2912482e-02   5.0306281e+00   1.2823539e+00   5.1287649e-01
   2.1625000e+00   1.0645503e+01   1.2358175e-01   9.8750964e-02   7.2791502e-02   5.0364383e+00   1.2848561e+00   5.1460322e-01
   2.1750000e+00   1.0659326e+01   1.2328681e-01   9.8541516e-02   7.2671436e-02   5.0421542e+00   1.2873422e+00   5.1633016e-01
   2.1875000e+00   1.0673104e+01   1.2299339e-01   9.8333289e-02   7.2552273e-02   5.0477769e+00   1.2898123e+00   5.1805741e-01
   2.2000000e+00   1.0686838e+01   1.2270148e-01   9.8126270e-02   7.2434004e-02   5.0533077e+00   1.2922669e+00   5.1978508e-01
   2.2125000e+00   1.0700529e+01   1.2241106e-01   9.7920446e-02   7.2316618e-02   5.0587479e+00   1.2947060e+00   5.2151326e-01
   2.2250000e+00   1.0714176e+01   1.2212212e-01   9.7715803e-02   7.2200106e-02   5.0640986e+00   1.2971301e+00   5.2324204e-01
   2.2375000e+00   1.0727781e+01   1.2183464e-01   9.7512330e-02   7.2084457e-02   5.0693611e+00   1.2995394e+00   5.2497151e-01
   2.2500000e+00   1.0741344e+01   1.2154861e-01   9.7310013e-02   7.1969662e-02   5.0745365e+00   1.3019341e+00   5.2670178e-01
   2.2625000e+00   1.0754865e+01   1.2126401e-01   9.7108841e-02   7.1855712e-02   5.0796259e+00   1.3043144e+00   5.2843292e-01
   2.2750000e+00   1.0768345e+01   1.2098082e-01   9.6908801e-02   7.1742597e-02   5.0846306e+00   1.3066807e+00   5.3016503e-01
   2.2875000e+00   1.0781785e+01   1.2069904e-01   9.6709881e-02   7.1630307e-02   5.0895516e+00   1.3090331e+00   5.3189820e-01
   2.3000000e+00   1.0795184e+01   1.2041864e-01   9.6512069e-02   7.1518834e-02   5.0943900e+00   1.3113720e+00   5.3363251e-01
   2.3125000e+00   1.0808543e+01   1.2013962e-01   9.6315354e-02   7.1408168e-02   5.0991469e+00   1.3136974e+00   5.3536804e-01
   2.3250000e+00   1.0821863e+01   1.1986195e-01   9.6119723e-02   7.1298300e-02   5.1038234e+00   1.3160098e+00   5.3710489e-01
   2.3375000e+00   1.0835144e+01   1.1958563e-01   9.5925166e-02   7.1189222e-02   5.1084205e+00   1.3183092e+00   5.3884312e-01
   2.3500000e+00   1.0848386e+01   1.1931065e-01   9.5731671e-02   7.1080924e-02   5.1129393e+00   1.3205960e+00   5.4058282e-01
   2.3625000e+00   1.0861590e+01   1.1903698e-01   9.5539226e-02   7.0973398e-02   5.1173807e+00   1.3228702e+00   5.4232406e-01
   2.3750000e+00   1.0874757e+01   1.1876461e-01   9.5347822e-02   7.0866635e-02   5.1217458e+00   1.3251323e+00   5.4406694e-01
   2.3875000e+00   1.0887886e+01   1.1849353e-01   9.5157446e-02   7.0760627e-02   5.1260355e+00   1.3273822e+00   5.4581151e-01
   2.4000000e+00   1.0900978e+01   1.1822374e-01   9.4968089e-02   7.0655366e-02   5.1302509e+00   1.3296204e+00   5.4755785e-01
   2.4125000e+00   1.0914034e+01   1.1795520e-01   9.4779739e-02   7.0550842e-02   5.1343928e+00   1.3318468e+00   5.4930604e-01
   2.4250000e+00   1.0927053e+01   1.1768793e-01   9.4592386e-02   7.0447049e-02   5.1384622e+00   1.3340619e+00   5.5105615e-01
   2.4375000e+00   1.0940037e+01   1.1742189e-01   9.4406020e-02   7.0343977e-02   5.1424600e+00   1.3362657e+00   5.5280825e-01
   2.4500000e+00   1.0952985e+01   1.1715708e-01   9.4220630e-02   7.0241618e-02   5.1463871e+00   1.3384585e+00   5.5456240e-01
   2.4625000e+00   1.0965898e+01   1.1689348e-01   9.4036206e-02   7.0139966e-02   5.1502444e+00   1.3406403e+00   5.5631867e-01
   2.4750000e+00   1.0978776e+01   1.1663109e-01   9.3852739e-02   7.0039011e-02   5.1540327e+00   1.3428115e+00   5.5807713e-01
   2.4875000e+00   1.0991620e+01   1.1636989e-01   9.3670218e-02   6.9938747e-02   5.1577530e+00   1.3449722e+00   5.5983785e-01
   2.5000000e+00   1.1004430e+01   1.1610986e-01   9.3488633e-02   6.9839164e-02   5.1614061e+00   1.3471226e+00   5.6160088e-01