(
0.001242938
0.049717529
0.12632101
0.21405563
0.3078495
0.40487302
0.50329833
0.60186564
0.69968032
0.79610053
0.89066755
0.98305918
1.0730568
1.1605211
1.245374
1.3275844
1.4071572
1.484125
1.558541
1.6304735
1.7000019
1.767213
1.8321986
1.8950529
1.9558712
2.0147486
2.0717785
2.1270527
2.1806599
2.2326859
2.283213
2.3323201
2.3800823
2.426571
2.4718541
2.5159955
2.5590557
2.6010919
2.6421576
2.6823034
2.7215765
2.7600213
2.7976795
2.8345898
2.8707886
2.9063099
2.9411854
2.9754446
3.009115
3.0422222
3.0747902
3.106841
3.1383954
3.1694725
3.2000901
3.2302648
3.2600117
3.2893452
3.3182785
3.3468237
3.3749921
3.4027942
3.4302398
3.4573377
3.4840964
3.5105235
3.5366262
3.562411
3.587884
3.6130511
3.6379173
3.6624877
3.6867667
3.7107586
3.7344673
3.7578966
3.7810498
3.8039302
3.8265409
3.8488846
3.8709641
3.892782
3.9143407
3.9356425
3.9566896
3.9774841
3.9980283
4.0183239
4.038373
4.0581775
4.0777392
4.09706
4.1161415
4.1349857
4.1535943
4.171969
4.1901115
4.2080236
4.225707
4.2431634
4.2603947
4.2774025
4.2941886
4.3107548
4.3271028
4.3432345
4.3591516
4.3748559
4.3903494
4.4056338
4.4207109
4.4355827
4.4502511
4.4647179
4.478985
4.4930544
4.506928
4.5206077
4.5340954
4.5473932
4.560503
4.5734267
4.5861663
4.5987238
4.6111013
4.6233005
4.6353237
4.6471726
4.6588494
4.6703559
4.6816942
4.6928662
4.703874
4.7147194
4.7254044
4.735931
4.746301
4.7565166
4.7665794
4.7764915
4.7862548
4.7958711
4.8053423
4.8146702
4.8238568
4.8329038
4.8418131
4.8505864
4.8592255
4.8677323
4.8761083
4.8843554
4.8924754
4.9004698
4.9083403
4.9160886
4.9237164
4.9312253
4.9386169
4.9458926
4.9530542
4.9601032
4.967041
4.9738692
4.9805893
4.9872026
4.9937108
5.0001151
5.006417
5.0126179
5.0187192
5.0247221
5.0306281
5.0364383
5.0421542
5.0477769
5.0533077
5.0587479
5.0640986
5.0693611
5.0745365
5.0796259
5.0846306
5.0895516
5.09439
5.0991469
5.1038234
5.1084205
5.1129393
5.1173807
5.1217458
5.1260355
5.1302509
5.1343928
5.1384622
5.14246
5.1463871
5.1502444
5.1540327
5.157753
5.1614061
)
