(
(0.1 0.1 0.1 0.1 0.1 0.1)
(1.15275367315105 -0.0369706140059712 -0.3792694661073 0.701336512196565 -0.00491679295572591 0.348709707197056)
(1.36616649778744 -0.0369706140059712 -0.378676384169245 0.831181298966344 -0.00491679295572591 0.41327350596867)
(1.49919630025181 -0.0369706140059712 -0.378083302231191 0.912124977537061 -0.00491679295572591 0.453526953215183)
(1.59661126581733 -0.017865862117119 -0.377490220293137 0.97140469055131 -0.0109631412375913 0.483012945721274)
(1.67340180367105 -0.00109588236737645 -0.376897138355082 1.01814083790448 0.00550553351281527 0.506266291991322)
(1.73655213310768 -0.00109588236737645 -0.376304056417028 1.05658284872763 0.00550553351281527 0.525400046007796)
(1.78992352588969 0.0713622746697415 -0.375710974478973 1.08908002541691 0.00397091232094216 0.541582415503475)
(1.83589269581815 0.0713622746697415 -0.375117892540919 1.11707841917856 0.00397091232094216 0.555532475997023)
(1.87603505851302 -0.0114588553386522 -0.374524810602864 1.14153654412008 0.0163439695988409 0.567726767580262)
(1.91145338576986 -0.110542870321707 -0.37393172866481 1.16312552421826 0.00465607869240407 0.578499172585218)
(1.94295345854298 -0.110542870321707 -0.373338646726755 1.18233549625184 0.00465607869240407 0.588093355853782)
(1.97114299679596 -0.0097976975408341 -0.372745564788701 1.19953626854256 -0.0130306026825735 0.59669327715448)
(1.99649368275107 -0.0097976975408341 -0.372152482850647 1.21501492099502 -0.0130306026825735 0.604441611359813)
(2.01937995071689 0.0378620926625844 -0.371559400912592 1.22899910901722 -0.0112109610838799 0.61145165565305)
(2.04010401926989 0.000542460289086285 -0.370966318974538 1.24167293271624 0.0144271066000661 0.617814840026181)
(2.05891459380571 -0.0688219224029476 -0.370373237036484 1.25318751278959 0.0103810671976754 0.623606339128257)
(2.07601884452203 -0.0688219224029476 -0.369780155098429 1.26366899719961 0.0103810671976754 0.628888863856777)
(2.09159143580106 -0.0688219224029476 -0.369187073160375 1.27322347383928 0.0103810671976754 0.633715207671095)
(2.10578108346703 -0.0688219224029476 -0.36859399122232 1.28194162395156 0.0103810671976754 0.638130412699203)
(2.118716389761 -0.0144686972644633 -0.368000909284266 1.28990142076735 0.00598301260294574 0.642173298172679)
(2.13050808758276 -0.0144686972644633 -0.367407827346211 1.29717046142235 0.00598301260294574 0.645877356469387)
(2.14125378281328 -0.0144686972644633 -0.366814745408157 1.30380812501019 0.00598301260294574 0.649272082750247)
(2.15103915521138 -0.0566879812683219 -0.366221663470103 1.30986624892475 0.00789333580824378 0.652383234897435)
(2.15993993032045 -0.0566879812683219 -0.365628581532048 1.31539100814376 0.00789333580824378 0.655233916265875)
(2.16802371902791 -0.0566879812683219 -0.365035499593993 1.32042346363788 0.00789333580824378 0.657844289771652)
(2.17535087272797 -0.0566879812683219 -0.364442417655939 1.32500041123473 0.00789333580824378 0.660232735249505)
(2.18197599005293 0.0264721755618592 -0.363849335717885 1.3291549380248 -0.00531146489696449 0.662415677432994)
(2.18794800300604 0.0264721755618592 -0.36325625377983 1.33291688364625 -0.00531146489696449 0.664407816060167)
(2.19331162446579 0.0264721755618592 -0.362663171841776 1.33631327743449 -0.00531146489696449 0.666222642237104)
(2.19810737313903 0.0264721755618592 -0.362070089903722 1.33936878625881 -0.00531146489696449 0.667872455303331)
(2.20237216234626 0.0516757273282381 -0.361477007965667 1.34210592860024 -0.0318367713038358 0.669368201898062)
(2.20613985032906 0.0516757273282381 -0.360883926027612 1.3445452193751 -0.0318367713038358 0.670720217451856)
(2.2094415477048 0.0516757273282381 -0.360290844089558 1.34670537265963 -0.0318367713038358 0.671937736092119)
(2.21230599875415 0.0127994670742948 -0.359697762151504 1.34860398204497 -0.017748392382588 0.673029508172766)
(2.21475945908709 0.0127994670742948 -0.359104680213449 1.35025704455188 -0.017748392382588 0.674003432139347)
(2.21682650344802 0.0127994670742948 -0.358511598275395 1.35167934899591 -0.017748392382588 0.674866783044612)
(2.2185296175698 0.0127994670742948 -0.357918516337341 1.35288452441659 -0.017748392382588 0.675626250876555)
(2.21988987413434 0.0354292564360598 -0.357325434399286 1.353885676281 0.013956946880924 0.676288460928869)
(2.2209270189933 0.0354292564360598 -0.356732352461232 1.3546941329446 0.013956946880924 0.676858922128797)
(2.22165934083783 0.0354292564360598 -0.356139270523178 1.35532155955106 0.013956946880924 0.677343288159982)
(2.22210334873941 -0.0511998415523464 -0.355546188585123 1.35577772865379 -0.00892850391622217 0.677746696150832)
(2.22227546631778 -0.0511998415523464 -0.354953106647068 1.35607261914693 -0.00892850391622217 0.678073732338408)
(2.22219057038823 -0.0511998415523464 -0.354360024709014 1.35621510105753 -0.00892850391622217 0.678328934247192)
(2.22186212672072 -0.0511998415523464 -0.35376694277096 1.35621353352615 -0.00892850391622217 0.67851638678935)
(2.22130387829282 -0.0511998415523464 -0.353173860832905 1.35607611124541 -0.00892850391622217 0.678640194768947)
(2.22052764951743 0.0522174184452053 -0.352580778894851 1.35581004636661 0.00115819714175512 0.678703880610132)
(2.21954533127498 0.0522174184452053 -0.351987696956796 1.35542254752692 0.00115819714175512 0.678710800040448)
(2.21836767118105 0.0522174184452053 -0.351394615018742 1.35492002084972 0.00115819714175512 0.678664348609858)
(2.21700491941148 0.0522174184452053 -0.350801533080687 1.35430892680897 0.00115819714175512 0.678567477679743)
(2.21546663834745 0.0522174184452053 -0.350208451142633 1.3535946716391 0.00115819714175512 0.678423246950825)
(2.21376245655744 0.0522174184452053 -0.349615369204579 1.35278329260772 0.00115819714175512 0.6782341216069)
(2.21190067182644 0.0522174184452053 -0.349022287266524 1.35187963346405 0.00115819714175512 0.678002798053183)
(2.20988939698709 0.0522174184452053 -0.34842920532847 1.35088893823269 0.00115819714175512 0.677731708554369)
(2.20773677398559 0.028735212794589 -0.347836123390415 1.34981552229642 -0.00880036474937721 0.677423068053919)
(2.20544955558472 0.028735212794589 -0.347243041452361 1.34866408168724 -0.00880036474937721 0.677079115471412)
(2.20303538600648 0.028735212794589 -0.346649959514307 1.34743884053844 -0.00880036474937721 0.676701852608492)
(2.20050021457019 0.028735212794589 -0.346056877576252 1.3461435963773 -0.00880036474937721 0.676293234585479)
(2.19785045507431 0.028735212794589 -0.345463795638198 1.34478205957454 -0.00880036474937721 0.675855075668482)
(2.1950924208476 0.028735212794589 -0.344870713700143 1.34335796480265 -0.00880036474937721 0.675389159542349)
(2.19223148449624 0.028735212794589 -0.344277631762089 1.34187482436907 -0.00880036474937721 0.674897143937128)
(2.18927285028242 -0.0247121076997995 -0.343684549824034 1.34033554377333 0.00577376340990037 0.67438055231539)
(2.18622172883039 -0.0247121076997995 -0.34309146788598 1.3387435155499 0.00577376340990037 0.673840925034395)
(2.18308310014779 -0.0247121076997995 -0.342498385947926 1.33710144073701 0.00577376340990037 0.673279655284511)
(2.17986157625341 -0.0247121076997995 -0.341905304009871 1.33541203669979 0.00577376340990037 0.672698073149319)
(2.17656141327321 -0.0247121076997995 -0.341312222071817 1.33367800404202 0.00577376340990037 0.67209748613986)
(2.17318667578398 -0.0247121076997995 -0.340719140133762 1.33190197248789 0.00577376340990037 0.671479123206212)
(2.16974171399954 -0.0247121076997995 -0.340126058195708 1.3300862773608 0.00577376340990037 0.670844094313142)
(2.16623009297097 -0.0157447692370615 -0.339532976257653 1.3282330873246 -0.00558192086673374 0.670193541059624)
(2.16265537897482 -0.0157447692370615 -0.338939894319599 1.32634466114553 -0.00558192086673374 0.669528491724007)
(2.15902098233601 -0.0157447692370615 -0.338346812381545 1.32442316430813 -0.00558192086673374 0.66884997130594)
(2.15533059635532 -0.0157447692370615 -0.33775373044349 1.32247025813871 -0.00558192086673374 0.668158911487561)
(2.15158685204545 -0.0157447692370615 -0.337160648505436 1.32048803722423 -0.00558192086673374 0.667456200154475)
(2.14779328316916 -0.0157447692370615 -0.336567566567382 1.31847851690081 -0.00558192086673374 0.666742728700973)
(2.14395222503264 -0.0157447692370615 -0.335974484629327 1.31644284453555 -0.00558192086673374 0.666019318088996)
(2.14006657502912 -0.0157447692370615 -0.335381402691272 1.314383258653 -0.00558192086673374 0.665286752499741)
(2.13613918561992 0.00678336886307919 -0.334788320753218 1.3123007893276 0.0150394649897371 0.664545751246876)
(2.13217227702272 0.00678336886307919 -0.334195238815164 1.3101972179875 0.0150394649897371 0.663797044710738)
(2.12816829557693 0.00678336886307919 -0.333602156877109 1.30807394105171 0.0150394649897371 0.663041331148095)
(2.1241297557412 0.00678336886307919 -0.333009074939055 1.30593223581036 0.0150394649897371 0.662279234987604)
(2.12005840930656 0.00678336886307919 -0.332415993001 1.30377344051261 0.0150394649897371 0.661511366742659)
(2.1159563945445 0.00678336886307919 -0.331822911062946 1.30159860279794 0.0150394649897371 0.660738339385467)
(2.11182624312509 0.00678336886307919 -0.331229829124891 1.29940930842664 0.0150394649897371 0.659960710509416)
(2.10766911443958 0.00678336886307919 -0.330636747186837 1.29720632889029 0.0150394649897371 0.659178999056213)
(2.10348719022865 0.00678336886307919 -0.330043665248783 1.29499103761732 0.0150394649897371 0.658393729720563)
(2.09928243814033 0.0546192081817999 -0.329450583310728 1.2927640531695 -0.0236361562724558 0.657605375816721)
(2.09505617612561 0.0546192081817999 -0.328857501372674 1.29052675278975 -0.0236361562724558 0.656814419010943)
(2.09080982373983 0.0546192081817999 -0.32826441943462 1.28827979047616 -0.0236361562724558 0.656021291427824)
(2.08654548527639 0.0546192081817999 -0.327671337496565 1.28602437682145 -0.0236361562724558 0.65522642062379)
(2.08226400015442 0.0546192081817999 -0.32707825555851 1.28376097288287 -0.0236361562724558 0.654430202151194)
(2.07796725595709 0.0546192081817999 -0.326485173620456 1.28149065702409 -0.0236361562724558 0.653633027424464)
(2.07365618974369 0.0546192081817999 -0.325892091682402 1.2792142068215 -0.0236361562724558 0.652835271625881)
(2.06933234775978 0.0546192081817999 -0.325299009744347 1.27693228220314 -0.0236361562724558 0.65203725071057)
(2.06499677567198 0.0546192081817999 -0.324705927806293 1.27464556444272 -0.0236361562724558 0.651239352490545)
(2.06065051068527 -0.0218094126040651 -0.324112845868238 1.27235477589023 0.00807243210257672 0.650441833978437)
(2.05629520870371 -0.0218094126040651 -0.323519763930184 1.27006069052693 0.00807243210257672 0.649645039177271)
(2.05193122595502 -0.0218094126040651 -0.32292668199213 1.26776373242083 0.00807243210257672 0.64884924185338)
(2.04756021449848 -0.0218094126040651 -0.322333600054075 1.26546450795978 0.00807243210257672 0.64805470185924)
(2.04318261843821 -0.0218094126040651 -0.321740518116021 1.26316375406133 0.00807243210257672 0.64726169858135)
(2.03879946199103 -0.0218094126040651 -0.321147436177966 1.26086202352855 0.00807243210257672 0.646470480530083)
(2.03441209329087 -0.0218094126040651 -0.320554354239912 1.25855952364009 0.00807243210257672 0.645681274182432)
(2.03002078389473 -0.0218094126040651 -0.319961272301857 1.25625710035312 0.00807243210257672 0.644894322973757)
(2.02562653169267 -0.0218094126040651 -0.319368190363803 1.25395491201613 0.00807243210257672 0.644109829777077)
(2.02123043996614 0.0263186195824249 -0.318775108425749 1.25165365260427 -0.0210495171932721 0.643327991304088)
(2.01683284921771 0.0263186195824249 -0.318182026487694 1.24935362155719 -0.0210495171932721 0.642548990132817)
(2.01243429106427 0.0263186195824249 -0.31758894454964 1.24705506963803 -0.0210495171932721 0.641773045883543)
(2.00803599207325 0.0263186195824249 -0.316995862611585 1.24475881511819 -0.0210495171932721 0.641000295282756)
(2.00363833274705 0.0263186195824249 -0.316402780673531 1.24246501637135 -0.0210495171932721 0.640230926650359)
(1.99924189081426 0.0263186195824249 -0.315809698735476 1.24017378568062 -0.0210495171932721 0.639465090279142)
(1.99484721302187 0.0263186195824249 -0.315216616797422 1.23788564459722 -0.0210495171932721 0.638702927358067)
(1.99045508805992 0.0263186195824249 -0.314623534859368 1.23560109715952 -0.0210495171932721 0.637944600969925)
(1.98606560711383 0.0263186195824249 -0.314030452921313 1.23332012401738 -0.0210495171932721 0.637190210592685)
(1.98167973335549 0.0263186195824249 -0.313437370983259 1.23104316924663 -0.0210495171932721 0.636439904811496)
(1.97729777580684 0.0263186195824249 -0.312844289045205 1.22877061001735 -0.0210495171932721 0.635693797906619)
(1.97292029020191 0.0263186195824249 -0.31225120710715 1.22650259280352 -0.0210495171932721 0.634952011997465)
(1.96854753358134 0.0263186195824249 -0.311658125169096 1.22423924827502 -0.0210495171932721 0.634214630707238)
(1.96417993048637 0.00483267891600963 -0.311065043231041 1.22198107312919 0.00770117694255472 0.63348176636914)
(1.95981796248371 0.00483267891600963 -0.310471961292987 1.21972795291395 0.00770117694255472 0.632753519329738)
(1.95546220140654 0.00483267891600963 -0.309878879354932 1.21748030654563 0.00770117694255472 0.632029962380281)
(1.95111276964904 0.00483267891600963 -0.309285797416878 1.21523839899772 0.00770117694255472 0.631311200677981)
(1.94676996136203 0.00483267891600963 -0.308692715478824 1.2130024324108 0.00770117694255472 0.630597275916864)
(1.94243404967033 0.00483267891600963 -0.308099633540769 1.21077237962677 0.00770117694255472 0.629888301631584)
(1.93810548313984 0.00483267891600963 -0.307506551602715 1.20854836834437 0.00770117694255472 0.629184313037557)
(1.9337848093093 0.00483267891600963 -0.30691346966466 1.20633080515135 0.00770117694255472 0.628485393482342)
(1.92947188871707 0.00483267891600963 -0.306320387726606 1.20411979478163 0.00770117694255472 0.627791582303295)
(1.92516711314646 0.00483267891600963 -0.305727305788551 1.20191521344362 0.00770117694255472 0.627102960515626)
(1.92087085684106 0.00483267891600963 -0.305134223850497 1.19971757859243 0.00770117694255472 0.626419556820402)
(1.91658320126606 0.00483267891600963 -0.304541141912442 1.19752674496631 0.00770117694255472 0.62574142612609)
(1.91230440918674 0.00483267891600963 -0.303948059974388 1.19534294398099 0.00770117694255472 0.625068608961962)
(1.90803484250631 0.00483267891600963 -0.303354978036334 1.19316625157968 0.00770117694255472 0.624401147195258)
(1.90377430357251 0.00483267891600963 -0.302761896098279 1.19099678465361 0.00770117694255472 0.623739021850076)
(1.89952327478153 0.00483267891600963 -0.302168814160225 1.18883447688684 0.00770117694255472 0.62308234685131)
(1.89528234472967 0.00483267891600963 -0.30157573222217 1.18667981087263 0.00770117694255472 0.622431212792335)
(1.89105069259026 0.00483267891600963 -0.300982650284116 1.18453246925384 0.00770117694255472 0.621785472487623)
(1.88682934495681 0.0280052144399958 -0.300389568346062 1.18239281833526 -0.00153261030275383 0.621145238679174)
(1.88261810733315 0.0280052144399958 -0.299796486408007 1.18026054135356 -0.00153261030275383 0.620510559259697)
(1.87841704871155 0.0280052144399958 -0.299203404469953 1.17813618962234 -0.00153261030275383 0.619881398988051)
(1.87422622553063 0.0280052144399958 -0.298610322531898 1.17601943091235 -0.00153261030275383 0.619257798279678)
(1.8700459588951 0.0280052144399958 -0.298017240593844 1.17391036351896 -0.00153261030275383 0.618639730283821)
(1.86587600393425 0.0280052144399958 -0.297424158655789 1.17180929821932 -0.00153261030275383 0.618027196297707)
(1.86171730157085 0.0280052144399958 -0.296831076717735 1.16971611023477 -0.00153261030275383 0.617420363488373)
(1.85756921403227 0.0280052144399958 -0.29623799477968 1.16763086442764 -0.00153261030275383 0.616819088092449)
(1.85343137447952 0.0280052144399958 -0.295644912841626 1.16555340239445 -0.00153261030275383 0.616223256037792)
(1.84930541471563 0.0280052144399958 -0.295051830903572 1.16348425369471 -0.00153261030275383 0.615633249622399)
(1.84518994070047 0.0280052144399958 -0.294458748965517 1.16142278866774 -0.00153261030275383 0.615048690272648)
(1.84108583519946 0.0280052144399958 -0.293865667027463 1.15936950649235 -0.00153261030275383 0.614469743995659)
(1.83699277336621 0.0280052144399958 -0.293272585089409 1.15732423049763 -0.00153261030275383 0.6138963885822)
(1.83291097523685 0.0280052144399958 -0.292679503151354 1.15528699786 -0.00153261030275383 0.613328646832778)
(1.8288400168309 0.0280052144399958 -0.292086421213299 1.1532578360838 -0.00153261030275383 0.612766403275279)
(1.82478073417612 0.0280052144399958 -0.291493339275245 1.15123677503459 -0.00153261030275383 0.612209778321669)
(1.82073268572793 0.0280052144399958 -0.290900257337191 1.14922383164873 -0.00153261030275383 0.611658683312064)
(1.81669605517376 0.0280052144399958 -0.290307175399136 1.14721902110509 -0.00153261030275383 0.611113130065512)
(1.81267073800411 -0.0400705075466508 -0.289714093461082 1.14522213124929 0.00277074397867275 0.610573095215156)
(1.80865717706306 -0.0400705075466508 -0.289121011523028 1.14323360811928 0.00277074397867275 0.610038633355695)
(1.80465462210266 -0.0400705075466508 -0.288527929584973 1.14125300803186 0.00277074397867275 0.609509614195836)
(1.8006635010397 -0.0400705075466508 -0.287934847646919 1.13928054675324 0.00277074397867275 0.608986055380566)
(1.79668395409901 -0.0400705075466508 -0.287341765708864 1.13731599112738 0.00277074397867275 0.608467971899656)
(1.79271611247653 -0.0400705075466508 -0.28674868377081 1.13535976798381 0.00277074397867275 0.607955376123423)
(1.78875947648946 -0.0400705075466508 -0.286155601832755 1.13341141596222 0.00277074397867275 0.607448161384213)
(1.78481416311726 -0.0400705075466508 -0.285562519894701 1.13147113162602 0.00277074397867275 0.606946351971008)
(1.78088021941169 -0.0400705075466508 -0.284969437956647 1.129538668349 0.00277074397867275 0.606449837473377)
(1.77695808824699 -0.0400705075466508 -0.284376356018592 1.12761420743718 0.00277074397867275 0.605958753679661)
(1.77304724372623 -0.0400705075466508 -0.283783274080538 1.12569793829475 0.00277074397867275 0.605472985764416)
(1.76914805186668 -0.0400705075466508 -0.283190192142483 1.12378959454597 0.00277074397867275 0.604992565334674)
(1.76525997607094 -0.0400705075466508 -0.282597110204429 1.12188913661874 0.00277074397867275 0.604517406772127)
(1.7613836492958 -0.0400705075466508 -0.282004028266374 1.11999628973267 0.00277074397867275 0.604047488755108)
(1.75751824511612 -0.0400705075466508 -0.28141094632832 1.11811145389851 0.00277074397867275 0.603582755026121)
(1.75366410457965 -0.0400705075466508 -0.280817864390266 1.11623434681299 0.00277074397867275 0.603123196798175)
(1.749821561141 -0.0400705075466508 -0.280224782452211 1.11436519440095 0.00277074397867275 0.602668835805722)
(1.74599005129291 -0.0400705075466508 -0.279631700514157 1.11250365081993 0.00277074397867275 0.602219577882885)
(1.74217017660184 -0.0450389820277221 -0.279038618576102 1.11064984554573 0.00230768442304138 0.601775457617858)
(1.73836141162271 -0.0450389820277221 -0.278445536638048 1.10880385902292 0.00230768442304138 0.601336474606647)
(1.73456369050975 -0.0450389820277221 -0.277852454699993 1.10696532850713 0.00230768442304138 0.600902433174573)
(1.73077675964441 -0.0450389820277221 -0.277259372761939 1.10513430710363 0.00230768442304138 0.600473346593086)
(1.72700152234255 -0.0450389820277221 -0.276666290823884 1.10331105062112 0.00230768442304138 0.600049355170843)
(1.72323706125259 -0.0450389820277221 -0.27607320888583 1.10149521137268 0.00230768442304138 0.599630242727927)
(1.71948366476066 -0.0450389820277221 -0.275480126947776 1.09968685397538 0.00230768442304138 0.599216050232294)
(1.71574133406325 -0.0450389820277221 -0.274887045009721 1.09788603892648 0.00230768442304138 0.598806783657056)
(1.71200970459006 -0.0450389820277221 -0.274293963071667 1.09609239101228 0.00230768442304138 0.598402256749114)
(1.70828908888905 -0.0450389820277221 -0.273700881133612 1.09430621508175 0.00230768442304138 0.598002584437282)
(1.70457943397024 -0.0450389820277221 -0.273107799195558 1.09252733549567 0.00230768442304138 0.597607689515971)
(1.70088040412202 -0.0450389820277221 -0.272514717257503 1.09075564238277 0.00230768442304138 0.597217493841597)
(1.69719197649078 -0.0450389820277221 -0.271921635319449 1.08899118169098 0.00230768442304138 0.596832012548585)
(1.69351468283311 -0.0450389820277221 -0.271328553381395 1.08723401798636 0.00230768442304138 0.596451258945882)
(1.68984758059417 -0.0450389820277221 -0.27073547144334 1.08548380984842 0.00230768442304138 0.596075057010739)
(1.68619119523817 -0.0450389820277221 -0.270142389505286 1.08374064027107 0.00230768442304138 0.595703417792992)
(1.68254520389916 -0.0450389820277221 -0.269549307567231 1.08200454354031 0.00230768442304138 0.595336367262611)
(1.67890980966342 -0.0450389820277221 -0.268956225629177 1.08027541840029 0.00230768442304138 0.594973836585545)
(1.67528493304124 0.0160264846619839 -0.268363143691122 1.07855311722649 -0.0201838942751937 0.594615722653189)
(1.67167023873168 0.0160264846619839 -0.267770061753068 1.07683768931151 -0.0201838942751937 0.594262064341115)
(1.66806594692806 0.0160264846619839 -0.267176979815014 1.07512924803305 -0.0201838942751937 0.593912882171173)
(1.66447166040352 0.0160264846619839 -0.266583897876959 1.07342741875607 -0.0201838942751937 0.59356799374307)
(1.66088787469693 0.0160264846619839 -0.265990815938905 1.07173231125342 -0.0201838942751937 0.593227434330496)
(1.65731395560993 0.0160264846619839 -0.265397734000851 1.07004396419664 -0.0201838942751937 0.59289120404023)
(1.6537503436379 0.0160264846619839 -0.264804652062796 1.06836206691608 -0.0201838942751937 0.592559151700643)
(1.65019670065258 0.0160264846619839 -0.264211570124741 1.06668689475369 -0.0201838942751937 0.592231383711852)
(1.64665290082745 0.0160264846619839 -0.263618488186687 1.06501811158239 -0.0201838942751937 0.59190771355199)
(1.64311885796026 0.0160264846619839 -0.263025406248633 1.0633557927413 -0.0201838942751937 0.591588204227716)
(1.63959474379587 0.0160264846619839 -0.262432324310578 1.06169983954103 -0.0201838942751937 0.591272742134229)
(1.63608046396606 0.0160264846619839 -0.261839242372524 1.06005029984516 -0.0201838942751937 0.590961387933876)
(1.63257562181862 0.0160264846619839 -0.26124616043447 1.05840704858311 -0.0201838942751937 0.590654025945507)
)
