(
(0.066420194 0 0)
(2.6568078 0 0)
(3.5973757 0 0)
(4.1500843 0 0)
(4.5439954 0 0)
(4.8508942 0 0)
(5.1027559 0 0)
(5.316637 0 0)
(5.5027188 0 0)
(5.6675683 0 0)
(5.8156694 0 0)
(5.9502205 0 0)
(6.073583 0 0)
(6.1875501 0 0)
(6.2935159 0 0)
(6.3925855 0 0)
(6.4856495 0 0)
(6.5734368 0 0)
(6.6565509 0 0)
(6.7354973 0 0)
(6.8107039 0 0)
(6.8825357 0 0)
(6.9513068 0 0)
(7.0172895 0 0)
(7.0807211 0 0)
(7.14181 0 0)
(7.2007401 0 0)
(7.2576742 0 0)
(7.3127577 0 0)
(7.3661204 0 0)
(7.4178791 0 0)
(7.4681389 0 0)
(7.516995 0 0)
(7.5645339 0 0)
(7.6108341 0 0)
(7.6559676 0 0)
(7.7 0 0)
(7.7429917 0 0)
(7.7849983 0 0)
(7.8260708 0 0)
(7.8662567 0 0)
(7.9055996 0 0)
(7.9441403 0 0)
(7.9819165 0 0)
(8.0189633 0 0)
(8.0553135 0 0)
(8.0909978 0 0)
(8.1260448 0 0)
(8.1604813 0 0)
(8.1943325 0 0)
(8.227622 0 0)
(8.2603722 0 0)
(8.2926039 0 0)
(8.324337 0 0)
(8.3555899 0 0)
(8.3863805 0 0)
(8.4167253 0 0)
(8.4466401 0 0)
(8.4761398 0 0)
(8.5052387 0 0)
(8.5339503 0 0)
(8.5622873 0 0)
(8.5902619 0 0)
(8.6178858 0 0)
(8.6451699 0 0)
(8.6721248 0 0)
(8.6987606 0 0)
(8.7250868 0 0)
(8.7511127 0 0)
(8.7768469 0 0)
(8.802298 0 0)
(8.8274739 0 0)
(8.8523822 0 0)
(8.8770305 0 0)
(8.9014258 0 0)
(8.9255749 0 0)
(8.9494842 0 0)
(8.9731601 0 0)
(8.9966086 0 0)
(9.0198355 0 0)
(9.0428463 0 0)
(9.0656464 0 0)
(9.0882411 0 0)
(9.1106352 0 0)
(9.1328336 0 0)
(9.1548409 0 0)
(9.1766616 0 0)
(9.1983 0 0)
(9.2197603 0 0)
(9.2410464 0 0)
(9.2621623 0 0)
(9.2831118 0 0)
(9.3038984 0 0)
(9.3245258 0 0)
(9.3449972 0 0)
(9.3653161 0 0)
(9.3854856 0 0)
(9.4055088 0 0)
(9.4253886 0 0)
(9.4451281 0 0)
(9.46473 0 0)
(9.4841971 0 0)
(9.5035321 0 0)
(9.5227374 0 0)
(9.5418156 0 0)
(9.5607692 0 0)
(9.5796005 0 0)
(9.5983118 0 0)
(9.6169053 0 0)
(9.6353832 0 0)
(9.6537477 0 0)
(9.6720007 0 0)
(9.6901443 0 0)
(9.7081804 0 0)
(9.7261109 0 0)
(9.7439377 0 0)
(9.7616625 0 0)
(9.7792872 0 0)
(9.7968133 0 0)
(9.8142426 0 0)
(9.8315767 0 0)
(9.8488172 0 0)
(9.8659655 0 0)
(9.8830233 0 0)
(9.899992 0 0)
(9.916873 0 0)
(9.9336677 0 0)
(9.9503775 0 0)
(9.9670036 0 0)
(9.9835475 0 0)
(10.00001 0 0)
(10.016393 0 0)
(10.032698 0 0)
(10.048925 0 0)
(10.065076 0 0)
(10.081152 0 0)
(10.097154 0 0)
(10.113083 0 0)
(10.12894 0 0)
(10.144726 0 0)
(10.160443 0 0)
(10.176091 0 0)
(10.19167 0 0)
(10.207184 0 0)
(10.222631 0 0)
(10.238013 0 0)
(10.253331 0 0)
(10.268586 0 0)
(10.283778 0 0)
(10.298909 0 0)
(10.313979 0 0)
(10.328989 0 0)
(10.34394 0 0)
(10.358833 0 0)
(10.373668 0 0)
(10.388446 0 0)
(10.403168 0 0)
(10.417835 0 0)
(10.432447 0 0)
(10.447005 0 0)
(10.461509 0 0)
(10.475961 0 0)
(10.490361 0 0)
(10.50471 0 0)
(10.519008 0 0)
(10.533256 0 0)
(10.547454 0 0)
(10.561603 0 0)
(10.575704 0 0)
(10.589757 0 0)
(10.603763 0 0)
(10.617723 0 0)
(10.631636 0 0)
(10.645503 0 0)
(10.659326 0 0)
(10.673104 0 0)
(10.686838 0 0)
(10.700529 0 0)
(10.714176 0 0)
(10.727781 0 0)
(10.741344 0 0)
(10.754865 0 0)
(10.768345 0 0)
(10.781785 0 0)
(10.795184 0 0)
(10.808543 0 0)
(10.821863 0 0)
(10.835144 0 0)
(10.848386 0 0)
(10.86159 0 0)
(10.874757 0 0)
(10.887886 0 0)
(10.900978 0 0)
(10.914034 0 0)
(10.927053 0 0)
(10.940037 0 0)
(10.952985 0 0)
(10.965898 0 0)
(10.978776 0 0)
(10.99162 0 0)
(11.00443 0 0)
)
