3.1250000e-04   1.2588950e-01   4.6737453e-03   3.6455290e-03   2.5705755e-03   3.2858649e-03   7.7966175e-04   2.7334784e-04
   1.2500000e-02   5.0355798e+00   1.8694981e-01   1.4582116e-01   1.0282302e-01   1.3143459e-01   3.1186470e-02   1.0933914e-02
   2.5000000e-02   5.7238110e+00   1.7413207e-01   1.3582415e-01   9.5774954e-02   2.9513002e-01   7.0029023e-02   2.4552910e-02
   3.7500000e-02   6.1292711e+00   1.6749101e-01   1.3064544e-01   9.2125066e-02   4.5454226e-01   1.0785804e-01   3.7818407e-02
   5.0000000e-02   6.4189587e+00   1.6293899e-01   1.2709665e-01   8.9625114e-02   6.0043101e-01   1.4248212e-01   4.9962852e-02
   6.2500000e-02   6.6452094e+00   1.5940934e-01   1.2434576e-01   8.7688388e-02   7.3002420e-01   1.7324430e-01   6.0756430e-02
   7.5000000e-02   6.8313351e+00   1.5647800e-01   1.2206199e-01   8.6081630e-02   8.4330450e-01   2.0014096e-01   7.0198208e-02
   8.7500000e-02   6.9897707e+00   1.5393702e-01   1.2008314e-01   8.4690442e-02   9.4148512e-01   2.2346027e-01   7.8389416e-02
   1.0000000e-01   7.1279390e+00   1.5167036e-01   1.1831866e-01   8.3450972e-02   1.0262641e+00   2.4360530e-01   8.5471477e-02
   1.1250000e-01   7.2506279e+00   1.4960724e-01   1.1671334e-01   8.2324269e-02   1.0994453e+00   2.6100411e-01   9.1594519e-02
   1.2500000e-01   7.3611062e+00   1.4770158e-01   1.1523124e-01   8.1284973e-02   1.1627504e+00   2.7606527e-01   9.6901806e-02
   1.3750000e-01   7.4617058e+00   1.4592187e-01   1.1384776e-01   8.0315726e-02   1.2177353e+00   2.8915795e-01   1.0152277e-01
   1.5000000e-01   7.5541482e+00   1.4424567e-01   1.1254538e-01   7.9404164e-02   1.2657614e+00   3.0060519e-01   1.0557068e-01
   1.6250000e-01   7.6397410e+00   1.4265646e-01   1.1131122e-01   7.8541187e-02   1.3079961e+00   3.1068399e-01   1.0914265e-01
   1.7500000e-01   7.7195003e+00   1.4114176e-01   1.1013552e-01   7.7719910e-02   1.3454273e+00   3.1962880e-01   1.1232088e-01
   1.8750000e-01   7.7942318e+00   1.3969192e-01   1.0901076e-01   7.6935005e-02   1.3788836e+00   3.2763619e-01   1.1517434e-01
   2.0000000e-01   7.8645850e+00   1.3829930e-01   1.0793097e-01   7.6182260e-02   1.4090551e+00   3.3487003e-01   1.1776050e-01
   2.1250000e-01   7.9310911e+00   1.3695778e-01   1.0689136e-01   7.5458288e-02   1.4365147e+00   3.4146626e-01   1.2012705e-01
   2.2500000e-01   7.9941902e+00   1.3566236e-01   1.0588803e-01   7.4760323e-02   1.4617356e+00   3.4753725e-01   1.2231346e-01
   2.3750000e-01   8.0542508e+00   1.3440889e-01   1.0491773e-01   7.4086070e-02   1.4851081e+00   3.5317567e-01   1.2435228e-01
   2.5000000e-01   8.1115849e+00   1.3319391e-01   1.0397776e-01   7.3433606e-02   1.5069529e+00   3.5845775e-01   1.2627029e-01
   2.6250000e-01   8.1664586e+00   1.3201446e-01   1.0306580e-01   7.2801296e-02   1.5275331e+00   3.6344599e-01   1.2808948e-01
   2.7500000e-01   8.2191009e+00   1.3086802e-01   1.0217988e-01   7.2187737e-02   1.5470639e+00   3.6819157e-01   1.2982787e-01
   2.8750000e-01   8.2697102e+00   1.2975241e-01   1.0131829e-01   7.1591715e-02   1.5657208e+00   3.7273623e-01   1.3150017e-01
   3.0000000e-01   8.3184597e+00   1.2866572e-01   1.0047954e-01   7.1012167e-02   1.5836462e+00   3.7711387e-01   1.3311835e-01
   3.1250000e-01   8.3655012e+00   1.2760626e-01   9.9662300e-02   7.0448158e-02   1.6009554e+00   3.8135196e-01   1.3469212e-01
   3.2500000e-01   8.4109688e+00   1.2657255e-01   9.8865412e-02   6.9898855e-02   1.6177409e+00   3.8547258e-01   1.3622930e-01
   3.3750000e-01   8.4549813e+00   1.2556326e-01   9.8087831e-02   6.9363516e-02   1.6340768e+00   3.8949338e-01   1.3773616e-01
   3.5000000e-01   8.4976445e+00   1.2457719e-01   9.7328615e-02   6.8841470e-02   1.6500214e+00   3.9342834e-01   1.3921769e-01
   3.6250000e-01   8.5390532e+00   1.2361325e-01   9.6586917e-02   6.8332113e-02   1.6656206e+00   3.9728842e-01   1.4067779e-01
   3.7500000e-01   8.5792924e+00   1.2267047e-01   9.5861964e-02   6.7834891e-02   1.6809096e+00   4.0108208e-01   1.4211951e-01
   3.8750000e-01   8.6184389e+00   1.2174793e-01   9.5153047e-02   6.7349300e-02   1.6959151e+00   4.0481574e-01   1.4354516e-01
   4.0000000e-01   8.6565620e+00   1.2084483e-01   9.4459517e-02   6.6874877e-02   1.7106566e+00   4.0849415e-01   1.4495649e-01
   4.1250000e-01   8.6937248e+00   1.1996038e-01   9.3780776e-02   6.6411191e-02   1.7251483e+00   4.1212067e-01   1.4635472e-01
   4.2500000e-01   8.7299845e+00   1.1909389e-01   9.3116267e-02   6.5957845e-02   1.7393992e+00   4.1569762e-01   1.4774073e-01
   4.3750000e-01   8.7653936e+00   1.1824469e-01   9.2465474e-02   6.5514470e-02   1.7534153e+00   4.1922638e-01   1.4911506e-01
   4.5000000e-01   8.8000000e+00   1.1741219e-01   9.1827914e-02   6.5080720e-02   1.7671992e+00   4.2270769e-01   1.5047801e-01
   4.6250000e-01   8.8338476e+00   1.1659579e-01   9.1203135e-02   6.4656270e-02   1.7807516e+00   4.2614174e-01   1.5182969e-01
   4.7500000e-01   8.8669770e+00   1.1579496e-01   9.0590714e-02   6.4240818e-02   1.7940714e+00   4.2952829e-01   1.5317007e-01
   4.8750000e-01   8.8994255e+00   1.1500920e-01   8.9990251e-02   6.3834075e-02   1.8071562e+00   4.3286684e-01   1.5449899e-01
   5.0000000e-01   8.9312275e+00   1.1423803e-01   8.9401369e-02   6.3435771e-02   1.8200030e+00   4.3615668e-01   1.5581623e-01
   5.1250000e-01   8.9624150e+00   1.1348099e-01   8.8823711e-02   6.3045651e-02   1.8326080e+00   4.3939694e-01   1.5712152e-01
   5.2500000e-01   8.9930176e+00   1.1273765e-01   8.8256939e-02   6.2663470e-02   1.8449675e+00   4.4258673e-01   1.5841457e-01
   5.3750000e-01   9.0230628e+00   1.1200761e-01   8.7700730e-02   6.2288997e-02   1.8570773e+00   4.4572510e-01   1.5969506e-01
   5.5000000e-01   9.0525763e+00   1.1129047e-01   8.7154780e-02   6.1922013e-02   1.8689338e+00   4.4881115e-01   1.6096269e-01
   5.6250000e-01   9.0815819e+00   1.1058587e-01   8.6618794e-02   6.1562307e-02   1.8805334e+00   4.5184403e-01   1.6221716e-01
   5.7500000e-01   9.1101020e+00   1.0989345e-01   8.6092496e-02   6.1209678e-02   1.8918729e+00   4.5482299e-01   1.6345823e-01
   5.8750000e-01   9.1381575e+00   1.0921288e-01   8.5575617e-02   6.0863934e-02   1.9029497e+00   4.5774737e-01   1.6468566e-01
   6.0000000e-01   9.1657679e+00   1.0854383e-01   8.5067903e-02   6.0524892e-02   1.9137614e+00   4.6061661e-01   1.6589927e-01
   6.1250000e-01   9.1929516e+00   1.0788598e-01   8.4569108e-02   6.0192374e-02   1.9243066e+00   4.6343031e-01   1.6709890e-01
   6.2500000e-01   9.2197258e+00   1.0723905e-01   8.4078997e-02   5.9866211e-02   1.9345840e+00   4.6618818e-01   1.6828445e-01
   6.3750000e-01   9.2461068e+00   1.0660275e-01   8.3597344e-02   5.9546240e-02   1.9445934e+00   4.6889007e-01   1.6945587e-01
   6.5000000e-01   9.2721097e+00   1.0597679e-01   8.3123930e-02   5.9232303e-02   1.9543346e+00   4.7153599e-01   1.7061315e-01
   6.6250000e-01   9.2977492e+00   1.0536092e-01   8.2658547e-02   5.8924250e-02   1.9638085e+00   4.7412604e-01   1.7175631e-01
   6.7500000e-01   9.3230386e+00   1.0475487e-01   8.2200991e-02   5.8621935e-02   1.9730163e+00   4.7666049e-01   1.7288545e-01
   6.8750000e-01   9.3479909e+00   1.0415841e-01   8.1751069e-02   5.8325217e-02   1.9819597e+00   4.7913971e-01   1.7400067e-01
   7.0000000e-01   9.3726182e+00   1.0357128e-01   8.1308592e-02   5.8033960e-02   1.9906410e+00   4.8156419e-01   1.7510215e-01
   7.1250000e-01   9.3969320e+00   1.0299327e-01   8.0873377e-02   5.7748032e-02   1.9990629e+00   4.8393454e-01   1.7619008e-01
   7.2500000e-01   9.4209433e+00   1.0242415e-01   8.0445250e-02   5.7467307e-02   2.0072286e+00   4.8625148e-01   1.7726470e-01
   7.3750000e-01   9.4446623e+00   1.0186370e-01   8.0024040e-02   5.7191662e-02   2.0151417e+00   4.8851578e-01   1.7832628e-01
   7.5000000e-01   9.4680989e+00   1.0131172e-01   7.9609581e-02   5.6920978e-02   2.0228061e+00   4.9072836e-01   1.7937511e-01
   7.6250000e-01   9.4912624e+00   1.0076801e-01   7.9201716e-02   5.6655138e-02   2.0302260e+00   4.9289016e-01   1.8041153e-01
   7.7500000e-01   9.5141618e+00   1.0023236e-01   7.8800289e-02   5.6394032e-02   2.0374060e+00   4.9500222e-01   1.8143588e-01
   7.8750000e-01   9.5368054e+00   9.9704592e-02   7.8405150e-02   5.6137551e-02   2.0443509e+00   4.9706563e-01   1.8244853e-01
   8.0000000e-01   9.5592013e+00   9.9184519e-02   7.8016154e-02   5.5885590e-02   2.0510657e+00   4.9908153e-01   1.8344987e-01
   8.1250000e-01   9.5813572e+00   9.8671964e-02   7.7633160e-02   5.5638047e-02   2.0575554e+00   5.0105110e-01   1.8444031e-01
   8.2500000e-01   9.6032804e+00   9.8166753e-02   7.7256031e-02   5.5394822e-02   2.0638255e+00   5.0297556e-01   1.8542027e-01
   8.3750000e-01   9.6249780e+00   9.7668718e-02   7.6884634e-02   5.5155819e-02   2.0698814e+00   5.0485617e-01   1.8639018e-01
   8.5000000e-01   9.6464565e+00   9.7177697e-02   7.6518841e-02   5.4920945e-02   2.0757286e+00   5.0669417e-01   1.8735047e-01
   8.6250000e-01   9.6677225e+00   9.6693530e-02   7.6158524e-02   5.4690109e-02   2.0813727e+00   5.0849088e-01   1.8830158e-01
   8.7500000e-01   9.6887820e+00   9.6216065e-02   7.5803564e-02   5.4463222e-02   2.0868192e+00   5.1024756e-01   1.8924397e-01
   8.8750000e-01   9.7096409e+00   9.5745150e-02   7.5453840e-02   5.4240197e-02   2.0920739e+00   5.1196553e-01   1.9017808e-01
   9.0000000e-01   9.7303048e+00   9.5280640e-02   7.5109237e-02   5.4020952e-02   2.0971424e+00   5.1364607e-01   1.9110437e-01
   9.1250000e-01   9.7507790e+00   9.4822394e-02   7.4769644e-02   5.3805405e-02   2.1020301e+00   5.1529048e-01   1.9202328e-01
   9.2500000e-01   9.7710688e+00   9.4370274e-02   7.4434950e-02   5.3593476e-02   2.1067427e+00   5.1690005e-01   1.9293527e-01
   9.3750000e-01   9.7911791e+00   9.3924146e-02   7.4105051e-02   5.3385087e-02   2.1112857e+00   5.1847602e-01   1.9384077e-01
   9.5000000e-01   9.8111146e+00   9.3483879e-02   7.3779841e-02   5.3180165e-02   2.1156645e+00   5.2001967e-01   1.9474023e-01
   9.6250000e-01   9.8308799e+00   9.3049345e-02   7.3459220e-02   5.2978635e-02   2.1198844e+00   5.2153222e-01   1.9563407e-01
   9.7500000e-01   9.8504795e+00   9.2620422e-02   7.3143090e-02   5.2780425e-02   2.1239505e+00   5.2301488e-01   1.9652273e-01
   9.8750000e-01   9.8699174e+00   9.2196989e-02   7.2831356e-02   5.2585466e-02   2.1278682e+00   5.2446885e-01   1.9740662e-01
   1.0000000e+00   9.8891979e+00   9.1778927e-02   7.2523923e-02   5.2393690e-02   2.1316423e+00   5.2589527e-01   1.9828615e-01
   1.0125000e+00   9.9083247e+00   9.1366123e-02   7.2220701e-02   5.2205031e-02   2.1352779e+00   5.2729530e-01   1.9916173e-01
   1.0250000e+00   9.9273017e+00   9.0958466e-02   7.1921601e-02   5.2019424e-02   2.1387795e+00   5.2867002e-01   2.0003375e-01
   1.0375000e+00   9.9461326e+00   9.0555845e-02   7.1626537e-02   5.1836806e-02   2.1421521e+00   5.3002054e-01   2.0090259e-01
   1.0500000e+00   9.9648207e+00   9.0158155e-02   7.1335424e-02   5.1657114e-02   2.1453999e+00   5.3134788e-01   2.0176862e-01
   1.0625000e+00   9.9833695e+00   8.9765294e-02   7.1048181e-02   5.1480290e-02   2.1485275e+00   5.3265307e-01   2.0263222e-01
   1.0750000e+00   1.0001782e+01   8.9377159e-02   7.0764727e-02   5.1306274e-02   2.1515391e+00   5.3393710e-01   2.0349373e-01
   1.0875000e+00   1.0020062e+01   8.8993653e-02   7.0484983e-02   5.1135010e-02   2.1544388e+00   5.3520092e-01   2.0435350e-01
   1.1000000e+00   1.0038212e+01   8.8614680e-02   7.0208874e-02   5.0966440e-02   2.1572306e+00   5.3644546e-01   2.0521186e-01
   1.1125000e+00   1.0056235e+01   8.8240145e-02   6.9936324e-02   5.0800511e-02   2.1599184e+00   5.3767162e-01   2.0606914e-01
   1.1250000e+00   1.0074134e+01   8.7869959e-02   6.9667262e-02   5.0637170e-02   2.1625059e+00   5.3888024e-01   2.0692564e-01
   1.1375000e+00   1.0091912e+01   8.7504031e-02   6.9401615e-02   5.0476363e-02   2.1649967e+00   5.4007218e-01   2.0778167e-01
   1.1500000e+00   1.0109571e+01   8.7142274e-02   6.9139315e-02   5.0318040e-02   2.1673944e+00   5.4124823e-01   2.0863752e-01
   1.1625000e+00   1.0127113e+01   8.6784605e-02   6.8880294e-02   5.0162151e-02   2.1697021e+00   5.4240917e-01   2.0949347e-01
   1.1750000e+00   1.0144543e+01   8.6430939e-02   6.8624485e-02   5.0008648e-02   2.1719232e+00   5.4355573e-01   2.1034980e-01
   1.1875000e+00   1.0161860e+01   8.6081196e-02   6.8371825e-02   4.9857482e-02   2.1740608e+00   5.4468864e-01   2.1120677e-01
   1.2000000e+00   1.0179069e+01   8.5735298e-02   6.8122249e-02   4.9708608e-02   2.1761178e+00   5.4580859e-01   2.1206463e-01
   1.2125000e+00   1.0196172e+01   8.5393166e-02   6.7875697e-02   4.9561980e-02   2.1780971e+00   5.4691623e-01   2.1292362e-01
   1.2250000e+00   1.0213169e+01   8.5054725e-02   6.7632107e-02   4.9417553e-02   2.1800015e+00   5.4801220e-01   2.1378398e-01
   1.2375000e+00   1.0230065e+01   8.4719902e-02   6.7391422e-02   4.9275284e-02   2.1818336e+00   5.4909710e-01   2.1464595e-01
   1.2500000e+00   1.0246860e+01   8.4388625e-02   6.7153583e-02   4.9135130e-02   2.1835959e+00   5.5017152e-01   2.1550972e-01
   1.2625000e+00   1.0263557e+01   8.4060824e-02   6.6918534e-02   4.8997049e-02   2.1852909e+00   5.5123603e-01   2.1637552e-01
   1.2750000e+00   1.0280157e+01   8.3736430e-02   6.6686221e-02   4.8861002e-02   2.1869209e+00   5.5229114e-01   2.1724354e-01
   1.2875000e+00   1.0296663e+01   8.3415376e-02   6.6456588e-02   4.8726947e-02   2.1884882e+00   5.5333739e-01   2.1811397e-01
   1.3000000e+00   1.0313077e+01   8.3097597e-02   6.6229585e-02   4.8594846e-02   2.1899949e+00   5.5437524e-01   2.1898701e-01
   1.3125000e+00   1.0329399e+01   8.2783028e-02   6.6005159e-02   4.8464661e-02   2.1914431e+00   5.5540518e-01   2.1986283e-01
   1.3250000e+00   1.0345633e+01   8.2471607e-02   6.5783261e-02   4.8336354e-02   2.1928346e+00   5.5642765e-01   2.2074159e-01
   1.3375000e+00   1.0361778e+01   8.2163273e-02   6.5563840e-02   4.8209888e-02   2.1941715e+00   5.5744308e-01   2.2162347e-01
   1.3500000e+00   1.0377838e+01   8.1857966e-02   6.5346850e-02   4.8085228e-02   2.1954555e+00   5.5845188e-01   2.2250862e-01
   1.3625000e+00   1.0393814e+01   8.1555628e-02   6.5132242e-02   4.7962339e-02   2.1966883e+00   5.5945443e-01   2.2339719e-01
   1.3750000e+00   1.0409707e+01   8.1256202e-02   6.4919972e-02   4.7841186e-02   2.1978716e+00   5.6045111e-01   2.2428932e-01
   1.3875000e+00   1.0425519e+01   8.0959631e-02   6.4709993e-02   4.7721736e-02   2.1990069e+00   5.6144228e-01   2.2518515e-01
   1.4000000e+00   1.0441251e+01   8.0665862e-02   6.4502263e-02   4.7603955e-02   2.2000959e+00   5.6242826e-01   2.2608481e-01
   1.4125000e+00   1.0456904e+01   8.0374840e-02   6.4296737e-02   4.7487811e-02   2.2011398e+00   5.6340938e-01   2.2698844e-01
   1.4250000e+00   1.0472481e+01   8.0086514e-02   6.4093374e-02   4.7373273e-02   2.2021402e+00   5.6438595e-01   2.2789614e-01
   1.4375000e+00   1.0487982e+01   7.9800833e-02   6.3892133e-02   4.7260309e-02   2.2030982e+00   5.6535826e-01   2.2880803e-01
   1.4500000e+00   1.0503409e+01   7.9517747e-02   6.3692972e-02   4.7148890e-02   2.2040152e+00   5.6632658e-01   2.2972423e-01
   1.4625000e+00   1.0518762e+01   7.9237207e-02   6.3495853e-02   4.7038984e-02   2.2048924e+00   5.6729118e-01   2.3064484e-01
   1.4750000e+00   1.0534044e+01   7.8959165e-02   6.3300737e-02   4.6930564e-02   2.2057309e+00   5.6825231e-01   2.3156995e-01
   1.4875000e+00   1.0549255e+01   7.8683574e-02   6.3107587e-02   4.6823600e-02   2.2065318e+00   5.6921020e-01   2.3249967e-01
   1.5000000e+00   1.0564397e+01   7.8410390e-02   6.2916364e-02   4.6718064e-02   2.2072962e+00   5.7016508e-01   2.3343409e-01
   1.5125000e+00   1.0579471e+01   7.8139566e-02   6.2727032e-02   4.6613929e-02   2.2080250e+00   5.7111717e-01   2.3437329e-01
   1.5250000e+00   1.0594477e+01   7.7871061e-02   6.2539557e-02   4.6511167e-02   2.2087192e+00   5.7206666e-01   2.3531735e-01
   1.5375000e+00   1.0609417e+01   7.7604830e-02   6.2353904e-02   4.6409753e-02   2.2093797e+00   5.7301375e-01   2.3626636e-01
   1.5500000e+00   1.0624293e+01   7.7340832e-02   6.2170037e-02   4.6309661e-02   2.2100074e+00   5.7395862e-01   2.3722038e-01
   1.5625000e+00   1.0639104e+01   7.7079027e-02   6.1987925e-02   4.6210864e-02   2.2106031e+00   5.7490144e-01   2.3817949e-01
   1.5750000e+00   1.0653853e+01   7.6819373e-02   6.1807534e-02   4.6113338e-02   2.2111675e+00   5.7584237e-01   2.3914376e-01
   1.5875000e+00   1.0668539e+01   7.6561833e-02   6.1628832e-02   4.6017058e-02   2.2117016e+00   5.7678157e-01   2.4011325e-01
   1.6000000e+00   1.0683165e+01   7.6306367e-02   6.1451788e-02   4.5922001e-02   2.2122058e+00   5.7771917e-01   2.4108802e-01
   1.6125000e+00   1.0697731e+01   7.6052938e-02   6.1276371e-02   4.5828143e-02   2.2126810e+00   5.7865532e-01   2.4206812e-01
   1.6250000e+00   1.0712237e+01   7.5801509e-02   6.1102552e-02   4.5735460e-02   2.2131278e+00   5.7959014e-01   2.4305362e-01
   1.6375000e+00   1.0726686e+01   7.5552045e-02   6.0930300e-02   4.5643930e-02   2.2135468e+00   5.8052375e-01   2.4404456e-01
   1.6500000e+00   1.0741077e+01   7.5304510e-02   6.0759587e-02   4.5553530e-02   2.2139386e+00   5.8145626e-01   2.4504099e-01
   1.6625000e+00   1.0755412e+01   7.5058870e-02   6.0590384e-02   4.5464240e-02   2.2143038e+00   5.8238778e-01   2.4604296e-01
   1.6750000e+00   1.0769691e+01   7.4815091e-02   6.0422665e-02   4.5376037e-02   2.2146428e+00   5.8331841e-01   2.4705051e-01
   1.6875000e+00   1.0783915e+01   7.4573141e-02   6.0256401e-02   4.5288900e-02   2.2149562e+00   5.8424824e-01   2.4806367e-01
   1.7000000e+00   1.0798086e+01   7.4332986e-02   6.0091566e-02   4.5202808e-02   2.2152445e+00   5.8517735e-01   2.4908249e-01
   1.7125000e+00   1.0812203e+01   7.4094596e-02   5.9928134e-02   4.5117742e-02   2.2155082e+00   5.8610582e-01   2.5010700e-01
   1.7250000e+00   1.0826268e+01   7.3857939e-02   5.9766079e-02   4.5033681e-02   2.2157477e+00   5.8703373e-01   2.5113723e-01
   1.7375000e+00   1.0840281e+01   7.3622985e-02   5.9605377e-02   4.4950606e-02   2.2159633e+00   5.8796115e-01   2.5217321e-01
   1.7500000e+00   1.0854244e+01   7.3389705e-02   5.9446003e-02   4.4868497e-02   2.2161556e+00   5.8888814e-01   2.5321498e-01
   1.7625000e+00   1.0868156e+01   7.3158069e-02   5.9287933e-02   4.4787336e-02   2.2163248e+00   5.8981475e-01   2.5426255e-01
   1.7750000e+00   1.0882019e+01   7.2928050e-02   5.9131143e-02   4.4707104e-02   2.2164714e+00   5.9074105e-01   2.5531595e-01
   1.7875000e+00   1.0895833e+01   7.2699618e-02   5.8975610e-02   4.4627783e-02   2.2165956e+00   5.9166708e-01   2.5637520e-01
   1.8000000e+00   1.0909600e+01   7.2472748e-02   5.8821311e-02   4.4549354e-02   2.2166979e+00   5.9259288e-01   2.5744032e-01
   1.8125000e+00   1.0923318e+01   7.2247412e-02   5.8668225e-02   4.4471801e-02   2.2167785e+00   5.9351849e-01   2.5851133e-01
   1.8250000e+00   1.0936990e+01   7.2023584e-02   5.8516328e-02   4.4395106e-02   2.2168377e+00   5.9444395e-01   2.5958824e-01
   1.8375000e+00   1.0950616e+01   7.1801239e-02   5.8365601e-02   4.4319253e-02   2.2168757e+00   5.9536929e-01   2.6067106e-01
   1.8500000e+00   1.0964196e+01   7.1580352e-02   5.8216022e-02   4.4244223e-02   2.2168930e+00   5.9629454e-01   2.6175982e-01
   1.8625000e+00   1.0977732e+01   7.1360897e-02   5.8067571e-02   4.4170002e-02   2.2168896e+00   5.9721973e-01   2.6285451e-01
   1.8750000e+00   1.0991223e+01   7.1142852e-02   5.7920227e-02   4.4096573e-02   2.2168660e+00   5.9814487e-01   2.6395515e-01
   1.8875000e+00   1.1004671e+01   7.0926192e-02   5.7773970e-02   4.4023920e-02   2.2168221e+00   5.9906998e-01   2.6506174e-01
   1.9000000e+00   1.1018075e+01   7.0710895e-02   5.7628782e-02   4.3952027e-02   2.2167584e+00   5.9999508e-01   2.6617429e-01
   1.9125000e+00   1.1031437e+01   7.0496938e-02   5.7484643e-02   4.3880880e-02   2.2166750e+00   6.0092018e-01   2.6729281e-01
   1.9250000e+00   1.1044757e+01   7.0284298e-02   5.7341534e-02   4.3810463e-02   2.2165721e+00   6.0184529e-01   2.6841728e-01
   1.9375000e+00   1.1058035e+01   7.0072955e-02   5.7199438e-02   4.3740762e-02   2.2164499e+00   6.0277041e-01   2.6954772e-01
   1.9500000e+00   1.1071273e+01   6.9862886e-02   5.7058337e-02   4.3671762e-02   2.2163085e+00   6.0369555e-01   2.7068413e-01
   1.9625000e+00   1.1084470e+01   6.9654072e-02   5.6918211e-02   4.3603448e-02   2.2161482e+00   6.0462070e-01   2.7182650e-01
   1.9750000e+00   1.1097627e+01   6.9446492e-02   5.6779046e-02   4.3535807e-02   2.2159691e+00   6.0554587e-01   2.7297482e-01
   1.9875000e+00   1.1110745e+01   6.9240125e-02   5.6640823e-02   4.3468826e-02   2.2157713e+00   6.0647106e-01   2.7412909e-01
   2.0000000e+00   1.1123824e+01   6.9034953e-02   5.6503526e-02   4.3402489e-02   2.2155550e+00   6.0739624e-01   2.7528932e-01
   2.0125000e+00   1.1136864e+01   6.8830956e-02   5.6367139e-02   4.3336784e-02   2.2153204e+00   6.0832143e-01   2.7645548e-01
   2.0250000e+00   1.1149867e+01   6.8628115e-02   5.6231645e-02   4.3271699e-02   2.2150675e+00   6.0924660e-01   2.7762756e-01
   2.0375000e+00   1.1162832e+01   6.8426413e-02   5.6097029e-02   4.3207219e-02   2.2147965e+00   6.1017174e-01   2.7880557e-01
   2.0500000e+00   1.1175760e+01   6.8225831e-02   5.5963276e-02   4.3143333e-02   2.2145075e+00   6.1109685e-01   2.7998949e-01
   2.0625000e+00   1.1188652e+01   6.8026351e-02   5.5830370e-02   4.3080027e-02   2.2142006e+00   6.1202190e-01   2.8117929e-01
   2.0750000e+00   1.1201508e+01   6.7827956e-02   5.5698297e-02   4.3017290e-02   2.2138759e+00   6.1294687e-01   2.8237498e-01
   2.0875000e+00   1.1214327e+01   6.7630630e-02   5.5567042e-02   4.2955109e-02   2.2135336e+00   6.1387176e-01   2.8357654e-01
   2.1000000e+00   1.1227112e+01   6.7434355e-02   5.5436590e-02   4.2893473e-02   2.2131736e+00   6.1479652e-01   2.8478394e-01
   2.1125000e+00   1.1239862e+01   6.7239116e-02   5.5306929e-02   4.2832370e-02   2.2127962e+00   6.1572115e-01   2.8599718e-01
   2.1250000e+00   1.1252577e+01   6.7044896e-02   5.5178043e-02   4.2771788e-02   2.2124014e+00   6.1664562e-01   2.8721623e-01
   2.1375000e+00   1.1265259e+01   6.6851680e-02   5.5049920e-02   4.2711716e-02   2.2119893e+00   6.1756990e-01   2.8844107e-01
   2.1500000e+00   1.1277906e+01   6.6659453e-02   5.4922546e-02   4.2652142e-02   2.2115600e+00   6.1849397e-01   2.8967169e-01
   2.1625000e+00   1.1290521e+01   6.6468199e-02   5.4795908e-02   4.2593057e-02   2.2111135e+00   6.1941780e-01   2.9090806e-01
   2.1750000e+00   1.1303103e+01   6.6277904e-02   5.4669993e-02   4.2534449e-02   2.2106500e+00   6.2034135e-01   2.9215015e-01
   2.1875000e+00   1.1315652e+01   6.6088554e-02   5.4544789e-02   4.2476308e-02   2.2101694e+00   6.2126461e-01   2.9339795e-01
   2.2000000e+00   1.1328169e+01   6.5900134e-02   5.4420284e-02   4.2418622e-02   2.2096719e+00   6.2218753e-01   2.9465144e-01
   2.2125000e+00   1.1340654e+01   6.5712631e-02   5.4296465e-02   4.2361382e-02   2.2091575e+00   6.2311009e-01   2.9591058e-01
   2.2250000e+00   1.1353109e+01   6.5526031e-02   5.4173320e-02   4.2304578e-02   2.2086263e+00   6.2403225e-01   2.9717534e-01
   2.2375000e+00   1.1365532e+01   6.5340320e-02   5.4050839e-02   4.2248200e-02   2.2080784e+00   6.2495397e-01   2.9844571e-01
   2.2500000e+00   1.1377924e+01   6.5155486e-02   5.3929009e-02   4.2192237e-02   2.2075137e+00   6.2587523e-01   2.9972165e-01
   2.2625000e+00   1.1390286e+01   6.4971516e-02   5.3807819e-02   4.2136681e-02   2.2069324e+00   6.2679599e-01   3.0100313e-01
   2.2750000e+00   1.1402618e+01   6.4788397e-02   5.3687258e-02   4.2081521e-02   2.2063346e+00   6.2771620e-01   3.0229013e-01
   2.2875000e+00   1.1414920e+01   6.4606118e-02   5.3567315e-02   4.2026749e-02   2.2057202e+00   6.2863583e-01   3.0358260e-01
   2.3000000e+00   1.1427193e+01   6.4424665e-02   5.3447980e-02   4.1972355e-02   2.2050893e+00   6.2955484e-01   3.0488052e-01
   2.3125000e+00   1.1439437e+01   6.4244028e-02   5.3329242e-02   4.1918330e-02   2.2044420e+00   6.3047320e-01   3.0618386e-01
   2.3250000e+00   1.1451652e+01   6.4064195e-02   5.3211091e-02   4.1864665e-02   2.2037783e+00   6.3139086e-01   3.0749258e-01
   2.3375000e+00   1.1463839e+01   6.3885154e-02   5.3093517e-02   4.1811351e-02   2.2030983e+00   6.3230778e-01   3.0880665e-01
   2.3500000e+00   1.1475998e+01   6.3706894e-02   5.2976509e-02   4.1758380e-02   2.2024020e+00   6.3322392e-01   3.1012603e-01
   2.3625000e+00   1.1488129e+01   6.3529405e-02   5.2860059e-02   4.1705743e-02   2.2016894e+00   6.3413923e-01   3.1145068e-01
   2.3750000e+00   1.1500232e+01   6.3352675e-02   5.2744156e-02   4.1653432e-02   2.2009606e+00   6.3505369e-01   3.1278057e-01
   2.3875000e+00   1.1512308e+01   6.3176695e-02   5.2628791e-02   4.1601438e-02   2.2002156e+00   6.3596723e-01   3.1411565e-01
   2.4000000e+00   1.1524357e+01   6.3001453e-02   5.2513956e-02   4.1549754e-02   2.1994545e+00   6.3687982e-01   3.1545590e-01
   2.4125000e+00   1.1536380e+01   6.2826940e-02   5.2399640e-02   4.1498371e-02   2.1986773e+00   6.3779142e-01   3.1680126e-01
   2.4250000e+00   1.1548376e+01   6.2653147e-02   5.2285835e-02   4.1447281e-02   2.1978841e+00   6.3870197e-01   3.1815170e-01
   2.4375000e+00   1.1560346e+01   6.2480063e-02   5.2172532e-02   4.1396477e-02   2.1970749e+00   6.3961144e-01   3.1950718e-01
   2.4500000e+00   1.1572290e+01   6.2307678e-02   5.2059722e-02   4.1345950e-02   2.1962496e+00   6.4051978e-01   3.2086765e-01
   2.4625000e+00   1.1584209e+01   6.2135984e-02   5.1947398e-02   4.1295694e-02   2.1954085e+00   6.4142694e-01   3.2223307e-01
   2.4750000e+00   1.1596102e+01   6.1964971e-02   5.1835550e-02   4.1245701e-02   2.1945514e+00   6.4233287e-01   3.2360340e-01
   2.4875000e+00   1.1607970e+01   6.1794631e-02   5.1724172e-02   4.1195964e-02   2.1936785e+00   6.4323754e-01   3.2497859e-01
   2.5000000e+00   1.1619814e+01   6.1624955e-02   5.1613253e-02   4.1146475e-02   2.1927898e+00   6.4414089e-01   3.2635860e-01