   3.1250000e-04   8.7770412e-02   7.5040260e-03   5.8531469e-03   4.1272278e-03   1.6663677e-03   3.9539040e-04   1.3862232e-04
   1.2500000e-02   3.5108165e+00   3.0016104e-01   2.3412588e-01   1.6508911e-01   6.6654709e-02   1.5815616e-02   5.5448930e-03
   2.5000000e-02   4.3806423e+00   2.5959200e-01   2.0248267e-01   1.4277747e-01   1.6381036e-01   3.8868793e-02   1.3627509e-02
   3.7500000e-02   4.8921326e+00   2.4227423e-01   1.8897582e-01   1.3325475e-01   2.7123855e-01   6.4360356e-02   2.2565648e-02
   5.0000000e-02   5.2569129e+00   2.3180980e-01   1.8081490e-01   1.2750206e-01   3.8251467e-01   9.0766460e-02   3.1825432e-02
   6.2500000e-02   5.5413043e+00   2.2445952e-01   1.7508336e-01   1.2346283e-01   4.9419007e-01   1.1726935e-01   4.1120517e-02
   7.5000000e-02   5.7748480e+00   2.1883724e-01   1.7069997e-01   1.2037465e-01   6.0418524e-01   1.4337611e-01   5.0278407e-02
   8.7500000e-02   5.9733022e+00   2.1429373e-01   1.6715834e-01   1.1788043e-01   7.1120584e-01   1.6878003e-01   5.9191871e-02
   1.0000000e-01   6.1460732e+00   2.1047862e-01   1.6418517e-01   1.1578746e-01   8.1445728e-01   1.9329298e-01   6.7795198e-02
   1.1250000e-01   6.2992280e+00   2.0718381e-01   1.6161812e-01   1.1398126e-01   9.1348033e-01   2.1680631e-01   7.6050521e-02
   1.2500000e-01   6.4369094e+00   2.0427672e-01   1.5935380e-01   1.1238892e-01   1.0080467e+00   2.3926615e-01   8.3939142e-02
   1.3750000e-01   6.5620721e+00   2.0166837e-01   1.5732278e-01   1.1096147e-01   1.0980886e+00   2.6065665e-01   9.1455671e-02
   1.5000000e-01   6.6768979e+00   1.9929643e-01   1.5547644e-01   1.0966463e-01   1.1836494e+00   2.8098831e-01   9.8603928e-02
   1.6250000e-01   6.7830436e+00   1.9711577e-01   1.5377958e-01   1.0847356e-01   1.2648482e+00   3.0028960e-01   1.0539401e-01
   1.7500000e-01   6.8817969e+00   1.9509281e-01   1.5220599e-01   1.0736978e-01   1.3418547e+00   3.1860088e-01   1.1184019e-01
   1.8750000e-01   6.9741790e+00   1.9320193e-01   1.5073570e-01   1.0633919e-01   1.4148698e+00   3.3597001e-01   1.1795931e-01
   2.0000000e-01   7.0610127e+00   1.9142322e-01   1.4935317e-01   1.0537085e-01   1.4841129e+00   3.5244912e-01   1.2376975e-01
   2.1250000e-01   7.1429712e+00   1.8974093e-01   1.4804611e-01   1.0445606e-01   1.5498112e+00   3.6809227e-01   1.2929052e-01
   2.2500000e-01   7.2206123e+00   1.8814242e-01   1.4680465e-01   1.0358788e-01   1.6121936e+00   3.8295382e-01   1.3454075e-01
   2.3750000e-01   7.2944030e+00   1.8661740e-01   1.4562076e-01   1.0276063e-01   1.6714848e+00   3.9708722e-01   1.3953924e-01
   2.5000000e-01   7.3647385e+00   1.8515738e-01   1.4448782e-01   1.0196964e-01   1.7279027e+00   4.1054421e-01   1.4430418e-01
   2.6250000e-01   7.4319562e+00   1.8375532e-01   1.4340033e-01   1.0121103e-01   1.7816555e+00   4.2337428e-01   1.4885297e-01
   2.7500000e-01   7.4963461e+00   1.8240529e-01   1.4235367e-01   1.0048153e-01   1.8329406e+00   4.3562433e-01   1.5320212e-01
   2.8750000e-01   7.5581598e+00   1.8110228e-01   1.4134392e-01   9.9778364e-02   1.8819437e+00   4.4733851e-01   1.5736713e-01
   3.0000000e-01   7.6176167e+00   1.7984199e-01   1.4036772e-01   9.9099178e-02   1.9288385e+00   4.5855811e-01   1.6136255e-01
   3.1250000e-01   7.6749092e+00   1.7862073e-01   1.3942221e-01   9.8441931e-02   1.9737869e+00   4.6932157e-01   1.6520189e-01
   3.2500000e-01   7.7302072e+00   1.7743532e-01   1.3850487e-01   9.7804859e-02   2.0169387e+00   4.7966457e-01   1.6889771e-01
   3.3750000e-01   7.7836612e+00   1.7628297e-01   1.3761355e-01   9.7186425e-02   2.0584328e+00   4.8962006e-01   1.7246162e-01
   3.5000000e-01   7.8354054e+00   1.7516123e-01   1.3674632e-01   9.6585280e-02   2.0983968e+00   4.9921844e-01   1.7590432e-01
   3.6250000e-01   7.8855598e+00   1.7406796e-01   1.3590152e-01   9.6000236e-02   2.1369484e+00   5.0848768e-01   1.7923566e-01
   3.7500000e-01   7.9342322e+00   1.7300126e-01   1.3507765e-01   9.5430239e-02   2.1741955e+00   5.1745345e-01   1.8246469e-01
   3.8750000e-01   7.9815199e+00   1.7195943e-01   1.3427339e-01   9.4874352e-02   2.2102369e+00   5.2613927e-01   1.8559972e-01
   4.0000000e-01   8.0275107e+00   1.7094096e-01   1.3348756e-01   9.4331737e-02   2.2451630e+00   5.3456665e-01   1.8864833e-01
   4.1250000e-01   8.0722846e+00   1.6994449e-01   1.3271910e-01   9.3801640e-02   2.2790564e+00   5.4275528e-01   1.9161747e-01
   4.2500000e-01   8.1159141e+00   1.6896880e-01   1.3196704e-01   9.3283384e-02   2.3119924e+00   5.5072309e-01   1.9451349e-01
   4.3750000e-01   8.1584657e+00   1.6801278e-01   1.3123053e-01   9.2776354e-02   2.3440398e+00   5.5848645e-01   1.9734217e-01
   4.5000000e-01   8.2000000e+00   1.6707544e-01   1.3050878e-01   9.2279993e-02   2.3752609e+00   5.6606025e-01   2.0010879e-01
   4.6250000e-01   8.2405729e+00   1.6615585e-01   1.2980106e-01   9.1793793e-02   2.4057127e+00   5.7345804e-01   2.0281816e-01
   4.7500000e-01   8.2802355e+00   1.6525318e-01   1.2910674e-01   9.1317290e-02   2.4354466e+00   5.8069214e-01   2.0547463e-01
   4.8750000e-01   8.3190353e+00   1.6436667e-01   1.2842521e-01   9.0850057e-02   2.4645096e+00   5.8777372e-01   2.0808218e-01
   5.0000000e-01   8.3570158e+00   1.6349561e-01   1.2775592e-01   9.0391705e-02   2.4929440e+00   5.9471292e-01   2.1064442e-01
   5.1250000e-01   8.3942177e+00   1.6263936e-01   1.2709837e-01   8.9941871e-02   2.5207883e+00   6.0151893e-01   2.1316462e-01
   5.2500000e-01   8.4306783e+00   1.6179733e-01   1.2645208e-01   8.9500221e-02   2.5480773e+00   6.0820007e-01   2.1564575e-01
   5.3750000e-01   8.4664326e+00   1.6096895e-01   1.2581661e-01   8.9066448e-02   2.5748424e+00   6.1476386e-01   2.1809049e-01
   5.5000000e-01   8.5015130e+00   1.6015371e-01   1.2519158e-01   8.8640262e-02   2.6011120e+00   6.2121709e-01   2.2050128e-01
   5.6250000e-01   8.5359499e+00   1.5935114e-01   1.2457660e-01   8.8221396e-02   2.6269116e+00   6.2756591e-01   2.2288032e-01
   5.7500000e-01   8.5697716e+00   1.5856079e-01   1.2397132e-01   8.7809600e-02   2.6522644e+00   6.3381586e-01   2.2522959e-01
   5.8750000e-01   8.6030044e+00   1.5778223e-01   1.2337541e-01   8.7404639e-02   2.6771912e+00   6.3997191e-01   2.2755089e-01
   6.0000000e-01   8.6356733e+00   1.5701509e-01   1.2278857e-01   8.7006296e-02   2.7017105e+00   6.4603855e-01   2.2984584e-01
   6.1250000e-01   8.6678014e+00   1.5625900e-01   1.2221051e-01   8.6614363e-02   2.7258392e+00   6.5201983e-01   2.3211591e-01
   6.2500000e-01   8.6994106e+00   1.5551360e-01   1.2164095e-01   8.6228647e-02   2.7495924e+00   6.5791938e-01   2.3436240e-01
   6.3750000e-01   8.7305215e+00   1.5477857e-01   1.2107965e-01   8.5848965e-02   2.7729835e+00   6.6374044e-01   2.3658650e-01
   6.5000000e-01   8.7611534e+00   1.5405362e-01   1.2052636e-01   8.5475143e-02   2.7960247e+00   6.6948595e-01   2.3878928e-01
   6.6250000e-01   8.7913245e+00   1.5333844e-01   1.1998086e-01   8.5107020e-02   2.8187268e+00   6.7515851e-01   2.4097169e-01
   6.7500000e-01   8.8210522e+00   1.5263277e-01   1.1944292e-01   8.4744438e-02   2.8410996e+00   6.8076048e-01   2.4313459e-01
   6.8750000e-01   8.8503526e+00   1.5193633e-01   1.1891234e-01   8.4387253e-02   2.8631516e+00   6.8629396e-01   2.4527877e-01
   7.0000000e-01   8.8792412e+00   1.5124890e-01   1.1838893e-01   8.4035323e-02   2.8848906e+00   6.9176081e-01   2.4740490e-01
   7.1250000e-01   8.9077325e+00   1.5057023e-01   1.1787250e-01   8.3688516e-02   2.9063237e+00   6.9716274e-01   2.4951362e-01
   7.2500000e-01   8.9358404e+00   1.4990009e-01   1.1736288e-01   8.3346704e-02   2.9274569e+00   7.0250123e-01   2.5160549e-01
   7.3750000e-01   8.9635780e+00   1.4923828e-01   1.1685990e-01   8.3009767e-02   2.9482958e+00   7.0777764e-01   2.5368100e-01
   7.5000000e-01   8.9909577e+00   1.4858459e-01   1.1636339e-01   8.2677590e-02   2.9688454e+00   7.1299318e-01   2.5574061e-01
   7.6250000e-01   9.0179913e+00   1.4793882e-01   1.1587321e-01   8.2350060e-02   2.9891102e+00   7.1814893e-01   2.5778474e-01
   7.7500000e-01   9.0446901e+00   1.4730080e-01   1.1538920e-01   8.2027072e-02   3.0090941e+00   7.2324586e-01   2.5981374e-01
   7.8750000e-01   9.0710649e+00   1.4667033e-01   1.1491122e-01   8.1708524e-02   3.0288008e+00   7.2828486e-01   2.6182796e-01
   8.0000000e-01   9.0971258e+00   1.4604725e-01   1.1443915e-01   8.1394319e-02   3.0482336e+00   7.3326672e-01   2.6382769e-01
   8.1250000e-01   9.1228826e+00   1.4543139e-01   1.1397284e-01   8.1084361e-02   3.0673954e+00   7.3819216e-01   2.6581322e-01
   8.2500000e-01   9.1483445e+00   1.4482260e-01   1.1351218e-01   8.0778562e-02   3.0862889e+00   7.4306185e-01   2.6778479e-01
   8.3750000e-01   9.1735204e+00   1.4422072e-01   1.1305704e-01   8.0476834e-02   3.1049167e+00   7.4787639e-01   2.6974263e-01
   8.5000000e-01   9.1984188e+00   1.4362561e-01   1.1260731e-01   8.0179093e-02   3.1232810e+00   7.5263635e-01   2.7168697e-01
   8.6250000e-01   9.2230478e+00   1.4303712e-01   1.1216288e-01   7.9885258e-02   3.1413841e+00   7.5734224e-01   2.7361801e-01
   8.7500000e-01   9.2474152e+00   1.4245512e-01   1.1172363e-01   7.9595250e-02   3.1592280e+00   7.6199456e-01   2.7553592e-01
   8.8750000e-01   9.2715283e+00   1.4187948e-01   1.1128946e-01   7.9308995e-02   3.1768147e+00   7.6659379e-01   2.7744090e-01
   9.0000000e-01   9.2953944e+00   1.4131006e-01   1.1086028e-01   7.9026419e-02   3.1941460e+00   7.7114035e-01   2.7933310e-01
   9.1250000e-01   9.3190201e+00   1.4074675e-01   1.1043598e-01   7.8747452e-02   3.2112238e+00   7.7563469e-01   2.8121270e-01
   9.2500000e-01   9.3424120e+00   1.4018943e-01   1.1001648e-01   7.8472024e-02   3.2280498e+00   7.8007723e-01   2.8307986e-01
   9.3750000e-01   9.3655765e+00   1.3963798e-01   1.0960167e-01   7.8200070e-02   3.2446257e+00   7.8446837e-01   2.8493472e-01
   9.5000000e-01   9.3885195e+00   1.3909229e-01   1.0919147e-01   7.7931526e-02   3.2609534e+00   7.8880853e-01   2.8677745e-01
   9.6250000e-01   9.4112468e+00   1.3855225e-01   1.0878580e-01   7.7666328e-02   3.2770346e+00   7.9309811e-01   2.8860818e-01
   9.7500000e-01   9.4337641e+00   1.3801775e-01   1.0838456e-01   7.7404416e-02   3.2928710e+00   7.9733752e-01   2.9042708e-01
   9.8750000e-01   9.4560766e+00   1.3748870e-01   1.0798769e-01   7.7145731e-02   3.3084644e+00   8.0152717e-01   2.9223429e-01
   1.0000000e+00   9.4781895e+00   1.3696499e-01   1.0759510e-01   7.6890216e-02   3.3238166e+00   8.0566748e-01   2.9402997e-01
   1.0125000e+00   9.5001077e+00   1.3644653e-01   1.0720671e-01   7.6637816e-02   3.3389293e+00   8.0975885e-01   2.9581426e-01
   1.0250000e+00   9.5218361e+00   1.3593322e-01   1.0682246e-01   7.6388476e-02   3.3538046e+00   8.1380173e-01   2.9758733e-01
   1.0375000e+00   9.5433792e+00   1.3542498e-01   1.0644226e-01   7.6142142e-02   3.3684442e+00   8.1779655e-01   2.9934933e-01
   1.0500000e+00   9.5647415e+00   1.3492171e-01   1.0606605e-01   7.5898765e-02   3.3828502e+00   8.2174375e-01   3.0110041e-01
   1.0625000e+00   9.5859273e+00   1.3442333e-01   1.0569376e-01   7.5658293e-02   3.3970245e+00   8.2564379e-01   3.0284075e-01
   1.0750000e+00   9.6069406e+00   1.3392976e-01   1.0532532e-01   7.5420679e-02   3.4109691e+00   8.2949713e-01   3.0457050e-01
   1.0875000e+00   9.6277856e+00   1.3344090e-01   1.0496067e-01   7.5185873e-02   3.4246862e+00   8.3330425e-01   3.0628984e-01
   1.1000000e+00   9.6484659e+00   1.3295669e-01   1.0459974e-01   7.4953831e-02   3.4381778e+00   8.3706563e-01   3.0799894e-01
   1.1125000e+00   9.6689854e+00   1.3247705e-01   1.0424247e-01   7.4724506e-02   3.4514461e+00   8.4078177e-01   3.0969797e-01
   1.1250000e+00   9.6893476e+00   1.3200189e-01   1.0388880e-01   7.4497854e-02   3.4644934e+00   8.4445317e-01   3.1138711e-01
   1.1375000e+00   9.7095561e+00   1.3153114e-01   1.0353868e-01   7.4273832e-02   3.4773219e+00   8.4808035e-01   3.1306654e-01
   1.1500000e+00   9.7296141e+00   1.3106473e-01   1.0319204e-01   7.4052398e-02   3.4899339e+00   8.5166383e-01   3.1473644e-01
   1.1625000e+00   9.7495249e+00   1.3060260e-01   1.0284882e-01   7.3833510e-02   3.5023318e+00   8.5520415e-01   3.1639701e-01
   1.1750000e+00   9.7692918e+00   1.3014467e-01   1.0250898e-01   7.3617129e-02   3.5145179e+00   8.5870185e-01   3.1804844e-01
   1.1875000e+00   9.7889176e+00   1.2969087e-01   1.0217246e-01   7.3403214e-02   3.5264947e+00   8.6215747e-01   3.1969091e-01
   1.2000000e+00   9.8084054e+00   1.2924114e-01   1.0183920e-01   7.3191727e-02   3.5382647e+00   8.6557158e-01   3.2132462e-01
   1.2125000e+00   9.8277581e+00   1.2879541e-01   1.0150916e-01   7.2982630e-02   3.5498302e+00   8.6894474e-01   3.2294977e-01
   1.2250000e+00   9.8469783e+00   1.2835362e-01   1.0118228e-01   7.2775887e-02   3.5611938e+00   8.7227752e-01   3.2456656e-01
   1.2375000e+00   9.8660689e+00   1.2791571e-01   1.0085852e-01   7.2571460e-02   3.5723581e+00   8.7557050e-01   3.2617518e-01
   1.2500000e+00   9.8850324e+00   1.2748162e-01   1.0053782e-01   7.2369315e-02   3.5833256e+00   8.7882425e-01   3.2777586e-01
   1.2625000e+00   9.9038713e+00   1.2705128e-01   1.0022015e-01   7.2169416e-02   3.5940988e+00   8.8203938e-01   3.2936878e-01
   1.2750000e+00   9.9225881e+00   1.2662465e-01   9.9905445e-02   7.1971731e-02   3.6046805e+00   8.8521645e-01   3.3095415e-01
   1.2875000e+00   9.9411851e+00   1.2620166e-01   9.9593670e-02   7.1776224e-02   3.6150731e+00   8.8835607e-01   3.3253219e-01
   1.3000000e+00   9.9596648e+00   1.2578226e-01   9.9284778e-02   7.1582864e-02   3.6252793e+00   8.9145883e-01   3.3410310e-01
   1.3125000e+00   9.9780293e+00   1.2536639e-01   9.8978726e-02   7.1391619e-02   3.6353017e+00   8.9452533e-01   3.3566708e-01
   1.3250000e+00   9.9962808e+00   1.2495401e-01   9.8675472e-02   7.1202457e-02   3.6451430e+00   8.9755617e-01   3.3722436e-01
   1.3375000e+00   1.0014421e+01   1.2454505e-01   9.8374974e-02   7.1015347e-02   3.6548058e+00   9.0055194e-01   3.3877513e-01
   1.3500000e+00   1.0032453e+01   1.2413947e-01   9.8077190e-02   7.0830259e-02   3.6642926e+00   9.0351325e-01   3.4031962e-01
   1.3625000e+00   1.0050378e+01   1.2373722e-01   9.7782080e-02   7.0647164e-02   3.6736062e+00   9.0644068e-01   3.4185802e-01
   1.3750000e+00   1.0068198e+01   1.2333824e-01   9.7489606e-02   7.0466032e-02   3.6827492e+00   9.0933484e-01   3.4339054e-01
   1.3875000e+00   1.0085916e+01   1.2294250e-01   9.7199728e-02   7.0286834e-02   3.6917242e+00   9.1219632e-01   3.4491741e-01
   1.4000000e+00   1.0103532e+01   1.2254993e-01   9.6912409e-02   7.0109543e-02   3.7005337e+00   9.1502572e-01   3.4643881e-01
   1.4125000e+00   1.0121049e+01   1.2216050e-01   9.6627611e-02   6.9934130e-02   3.7091804e+00   9.1782362e-01   3.4795497e-01
   1.4250000e+00   1.0138468e+01   1.2177417e-01   9.6345298e-02   6.9760570e-02   3.7176669e+00   9.2059060e-01   3.4946609e-01
   1.4375000e+00   1.0155791e+01   1.2139088e-01   9.6065433e-02   6.9588835e-02   3.7259956e+00   9.2332726e-01   3.5097236e-01
   1.4500000e+00   1.0173021e+01   1.2101058e-01   9.5787983e-02   6.9418899e-02   3.7341693e+00   9.2603417e-01   3.5247401e-01
   1.4625000e+00   1.0190157e+01   1.2063325e-01   9.5512912e-02   6.9250737e-02   3.7421903e+00   9.2871190e-01   3.5397122e-01
   1.4750000e+00   1.0207203e+01   1.2025884e-01   9.5240186e-02   6.9084323e-02   3.7500612e+00   9.3136102e-01   3.5546420e-01
   1.4875000e+00   1.0224159e+01   1.1988730e-01   9.4969772e-02   6.8919632e-02   3.7577845e+00   9.3398210e-01   3.5695316e-01
   1.5000000e+00   1.0241028e+01   1.1951859e-01   9.4701637e-02   6.8756641e-02   3.7653626e+00   9.3657569e-01   3.5843827e-01
   1.5125000e+00   1.0257809e+01   1.1915268e-01   9.4435750e-02   6.8595325e-02   3.7727979e+00   9.3914235e-01   3.5991975e-01
   1.5250000e+00   1.0274506e+01   1.1878952e-01   9.4172078e-02   6.8435661e-02   3.7800929e+00   9.4168262e-01   3.6139779e-01
   1.5375000e+00   1.0291119e+01   1.1842908e-01   9.3910590e-02   6.8277625e-02   3.7872500e+00   9.4419704e-01   3.6287257e-01
   1.5500000e+00   1.0307650e+01   1.1807132e-01   9.3651257e-02   6.8121195e-02   3.7942714e+00   9.4668614e-01   3.6434429e-01
   1.5625000e+00   1.0324099e+01   1.1771619e-01   9.3394047e-02   6.7966348e-02   3.8011596e+00   9.4915046e-01   3.6581313e-01
   1.5750000e+00   1.0340469e+01   1.1736368e-01   9.3138932e-02   6.7813063e-02   3.8079167e+00   9.5159050e-01   3.6727928e-01
   1.5875000e+00   1.0356761e+01   1.1701373e-01   9.2885882e-02   6.7661318e-02   3.8145451e+00   9.5400678e-01   3.6874292e-01
   1.6000000e+00   1.0372975e+01   1.1666631e-01   9.2634870e-02   6.7511091e-02   3.8210470e+00   9.5639980e-01   3.7020423e-01
   1.6125000e+00   1.0389113e+01   1.1632139e-01   9.2385867e-02   6.7362362e-02   3.8274245e+00   9.5877007e-01   3.7166338e-01
   1.6250000e+00   1.0405177e+01   1.1597894e-01   9.2138845e-02   6.7215109e-02   3.8336799e+00   9.6111806e-01   3.7312055e-01
   1.6375000e+00   1.0421166e+01   1.1563892e-01   9.1893778e-02   6.7069313e-02   3.8398153e+00   9.6344427e-01   3.7457592e-01
   1.6500000e+00   1.0437083e+01   1.1530129e-01   9.1650638e-02   6.6924954e-02   3.8458327e+00   9.6574915e-01   3.7602965e-01
   1.6625000e+00   1.0452929e+01   1.1496603e-01   9.1409401e-02   6.6782011e-02   3.8517342e+00   9.6803319e-01   3.7748191e-01
   1.6750000e+00   1.0468704e+01   1.1463311e-01   9.1170039e-02   6.6640467e-02   3.8575218e+00   9.7029683e-01   3.7893287e-01
   1.6875000e+00   1.0484410e+01   1.1430249e-01   9.0932528e-02   6.6500300e-02   3.8631977e+00   9.7254053e-01   3.8038268e-01
   1.7000000e+00   1.0500047e+01   1.1397413e-01   9.0696843e-02   6.6361494e-02   3.8687636e+00   9.7476473e-01   3.8183150e-01
   1.7125000e+00   1.0515617e+01   1.1364802e-01   9.0462959e-02   6.6224029e-02   3.8742215e+00   9.7696986e-01   3.8327950e-01
   1.7250000e+00   1.0531121e+01   1.1332412e-01   9.0230852e-02   6.6087886e-02   3.8795734e+00   9.7915634e-01   3.8472681e-01
   1.7375000e+00   1.0546559e+01   1.1300241e-01   9.0000498e-02   6.5953049e-02   3.8848210e+00   9.8132460e-01   3.8617360e-01
   1.7500000e+00   1.0561933e+01   1.1268284e-01   8.9771875e-02   6.5819500e-02   3.8899662e+00   9.8347504e-01   3.8762002e-01
   1.7625000e+00   1.0577244e+01   1.1236540e-01   8.9544958e-02   6.5687221e-02   3.8950108e+00   9.8560806e-01   3.8906619e-01
   1.7750000e+00   1.0592491e+01   1.1205006e-01   8.9319726e-02   6.5556194e-02   3.8999566e+00   9.8772407e-01   3.9051228e-01
   1.7875000e+00   1.0607677e+01   1.1173679e-01   8.9096155e-02   6.5426404e-02   3.9048052e+00   9.8982343e-01   3.9195842e-01
   1.8000000e+00   1.0622802e+01   1.1142556e-01   8.8874225e-02   6.5297834e-02   3.9095583e+00   9.9190653e-01   3.9340474e-01
   1.8125000e+00   1.0637867e+01   1.1111634e-01   8.8653914e-02   6.5170466e-02   3.9142177e+00   9.9397375e-01   3.9485138e-01
   1.8250000e+00   1.0652873e+01   1.1080912e-01   8.8435200e-02   6.5044286e-02   3.9187849e+00   9.9602543e-01   3.9629847e-01
   1.8375000e+00   1.0667820e+01   1.1050386e-01   8.8218062e-02   6.4919277e-02   3.9232615e+00   9.9806194e-01   3.9774614e-01
   1.8500000e+00   1.0682709e+01   1.1020053e-01   8.8002480e-02   6.4795423e-02   3.9276491e+00   1.0000836e+00   3.9919452e-01
   1.8625000e+00   1.0697542e+01   1.0989913e-01   8.7788434e-02   6.4672710e-02   3.9319492e+00   1.0020908e+00   4.0064373e-01
   1.8750000e+00   1.0712319e+01   1.0959961e-01   8.7575903e-02   6.4551121e-02   3.9361633e+00   1.0040839e+00   4.0209389e-01
   1.8875000e+00   1.0727040e+01   1.0930195e-01   8.7364868e-02   6.4430642e-02   3.9402929e+00   1.0060631e+00   4.0354511e-01
   1.9000000e+00   1.0741706e+01   1.0900614e-01   8.7155310e-02   6.4311258e-02   3.9443394e+00   1.0080288e+00   4.0499753e-01
   1.9125000e+00   1.0756319e+01   1.0871215e-01   8.6947209e-02   6.4192954e-02   3.9483042e+00   1.0099812e+00   4.0645124e-01
   1.9250000e+00   1.0770879e+01   1.0841995e-01   8.6740547e-02   6.4075717e-02   3.9521886e+00   1.0119208e+00   4.0790636e-01
   1.9375000e+00   1.0785386e+01   1.0812952e-01   8.6535306e-02   6.3959531e-02   3.9559941e+00   1.0138478e+00   4.0936299e-01
   1.9500000e+00   1.0799841e+01   1.0784085e-01   8.6331466e-02   6.3844384e-02   3.9597220e+00   1.0157624e+00   4.1082126e-01
   1.9625000e+00   1.0814245e+01   1.0755390e-01   8.6129010e-02   6.3730260e-02   3.9633735e+00   1.0176651e+00   4.1228124e-01
   1.9750000e+00   1.0828598e+01   1.0726866e-01   8.5927920e-02   6.3617147e-02   3.9669498e+00   1.0195559e+00   4.1374306e-01
   1.9875000e+00   1.0842901e+01   1.0698510e-01   8.5728180e-02   6.3505032e-02   3.9704523e+00   1.0214353e+00   4.1520681e-01
   2.0000000e+00   1.0857156e+01   1.0670321e-01   8.5529771e-02   6.3393900e-02   3.9738822e+00   1.0233034e+00   4.1667257e-01
   2.0125000e+00   1.0871361e+01   1.0642297e-01   8.5332677e-02   6.3283739e-02   3.9772406e+00   1.0251606e+00   4.1814046e-01
   2.0250000e+00   1.0885519e+01   1.0614434e-01   8.5136881e-02   6.3174536e-02   3.9805286e+00   1.0270070e+00   4.1961056e-01
   2.0375000e+00   1.0899629e+01   1.0586732e-01   8.4942367e-02   6.3066279e-02   3.9837474e+00   1.0288430e+00   4.2108295e-01
   2.0500000e+00   1.0913692e+01   1.0559188e-01   8.4749119e-02   6.2958955e-02   3.9868982e+00   1.0306687e+00   4.2255774e-01
   2.0625000e+00   1.0927709e+01   1.0531801e-01   8.4557120e-02   6.2852551e-02   3.9899820e+00   1.0324845e+00   4.2403500e-01
   2.0750000e+00   1.0941680e+01   1.0504568e-01   8.4366355e-02   6.2747055e-02   3.9929998e+00   1.0342904e+00   4.2551481e-01
   2.0875000e+00   1.0955606e+01   1.0477488e-01   8.4176808e-02   6.2642456e-02   3.9959526e+00   1.0360868e+00   4.2699727e-01
   2.1000000e+00   1.0969487e+01   1.0450559e-01   8.3988465e-02   6.2538741e-02   3.9988416e+00   1.0378738e+00   4.2848244e-01
   2.1125000e+00   1.0983324e+01   1.0423779e-01   8.3801309e-02   6.2435899e-02   4.0016676e+00   1.0396517e+00   4.2997040e-01
   2.1250000e+00   1.0997118e+01   1.0397146e-01   8.3615327e-02   6.2333918e-02   4.0044317e+00   1.0414206e+00   4.3146124e-01
   2.1375000e+00   1.1010868e+01   1.0370658e-01   8.3430504e-02   6.2232788e-02   4.0071348e+00   1.0431809e+00   4.3295502e-01
   2.1500000e+00   1.1024576e+01   1.0344314e-01   8.3246825e-02   6.2132495e-02   4.0097778e+00   1.0449326e+00   4.3445181e-01
   2.1625000e+00   1.1038241e+01   1.0318112e-01   8.3064276e-02   6.2033031e-02   4.0123616e+00   1.0466759e+00   4.3595169e-01
   2.1750000e+00   1.1051866e+01   1.0292050e-01   8.2882843e-02   6.1934383e-02   4.0148872e+00   1.0484111e+00   4.3745472e-01
   2.1875000e+00   1.1065448e+01   1.0266127e-01   8.2702513e-02   6.1836540e-02   4.0173552e+00   1.0501382e+00   4.3896097e-01
   2.2000000e+00   1.1078991e+01   1.0240341e-01   8.2523271e-02   6.1739493e-02   4.0197667e+00   1.0518576e+00   4.4047050e-01
   2.2125000e+00   1.1092493e+01   1.0214690e-01   8.2345104e-02   6.1643231e-02   4.0221224e+00   1.0535693e+00   4.4198338e-01
   2.2250000e+00   1.1105955e+01   1.0189172e-01   8.2167999e-02   6.1547742e-02   4.0244232e+00   1.0552736e+00   4.4349966e-01
   2.2375000e+00   1.1119378e+01   1.0163787e-01   8.1991943e-02   6.1453018e-02   4.0266697e+00   1.0569705e+00   4.4501941e-01
   2.2500000e+00   1.1132762e+01   1.0138533e-01   8.1816924e-02   6.1359047e-02   4.0288629e+00   1.0586602e+00   4.4654268e-01
   2.2625000e+00   1.1146108e+01   1.0113407e-01   8.1642928e-02   6.1265820e-02   4.0310034e+00   1.0603430e+00   4.4806953e-01
   2.2750000e+00   1.1159415e+01   1.0088410e-01   8.1469942e-02   6.1173327e-02   4.0330920e+00   1.0620189e+00   4.4960001e-01
   2.2875000e+00   1.1172685e+01   1.0063538e-01   8.1297956e-02   6.1081558e-02   4.0351294e+00   1.0636880e+00   4.5113417e-01
   2.3000000e+00   1.1185918e+01   1.0038791e-01   8.1126955e-02   6.0990504e-02   4.0371162e+00   1.0653506e+00   4.5267207e-01
   2.3125000e+00   1.1199114e+01   1.0014167e-01   8.0956930e-02   6.0900155e-02   4.0390533e+00   1.0670068e+00   4.5421375e-01
   2.3250000e+00   1.1212274e+01   9.9896651e-02   8.0787866e-02   6.0810501e-02   4.0409413e+00   1.0686566e+00   4.5575926e-01
   2.3375000e+00   1.1225397e+01   9.9652835e-02   8.0619754e-02   6.0721534e-02   4.0427808e+00   1.0703003e+00   4.5730866e-01
   2.3500000e+00   1.1238485e+01   9.9410209e-02   8.0452581e-02   6.0633244e-02   4.0445724e+00   1.0719379e+00   4.5886198e-01
   2.3625000e+00   1.1251538e+01   9.9168760e-02   8.0286337e-02   6.0545622e-02   4.0463168e+00   1.0735695e+00   4.6041926e-01
   2.3750000e+00   1.1264556e+01   9.8928474e-02   8.0121009e-02   6.0458659e-02   4.0480147e+00   1.0751954e+00   4.6198056e-01
   2.3875000e+00   1.1277539e+01   9.8689338e-02   7.9956587e-02   6.0372347e-02   4.0496666e+00   1.0768155e+00   4.6354590e-01
   2.4000000e+00   1.1290489e+01   9.8451340e-02   7.9793060e-02   6.0286677e-02   4.0512730e+00   1.0784301e+00   4.6511534e-01
   2.4125000e+00   1.1303404e+01   9.8214466e-02   7.9630417e-02   6.0201639e-02   4.0528347e+00   1.0800391e+00   4.6668890e-01
   2.4250000e+00   1.1316286e+01   9.7978703e-02   7.9468648e-02   6.0117227e-02   4.0543520e+00   1.0816428e+00   4.6826663e-01
   2.4375000e+00   1.1329135e+01   9.7744041e-02   7.9307742e-02   6.0033430e-02   4.0558257e+00   1.0832412e+00   4.6984855e-01
   2.4500000e+00   1.1341951e+01   9.7510465e-02   7.9147689e-02   5.9950241e-02   4.0572562e+00   1.0848344e+00   4.7143471e-01
   2.4625000e+00   1.1354735e+01   9.7277965e-02   7.8988479e-02   5.9867652e-02   4.0586440e+00   1.0864226e+00   4.7302514e-01
   2.4750000e+00   1.1367487e+01   9.7046527e-02   7.8830101e-02   5.9785655e-02   4.0599897e+00   1.0880057e+00   4.7461987e-01
   2.4875000e+00   1.1380207e+01   9.6816142e-02   7.8672546e-02   5.9704241e-02   4.0612938e+00   1.0895840e+00   4.7621893e-01
   2.5000000e+00   1.1392895e+01   9.6586796e-02   7.8515804e-02   5.9623403e-02   4.0625567e+00   1.0911574e+00   4.7782235e-01