/*--------------------------------*- C++ -*----------------------------------*\
  =========                 |
  \\      /  F ield         | OpenFOAM: The Open Source CFD Toolbox
   \\    /   O peration     |
    \\  /    A nd           | Web:      www.OpenFOAM.org
     \\/     M anipulation  |
-------------------------------------------------------------------------------
Description
    Writes out values of fields from cells nearest to specified locations.

\*---------------------------------------------------------------------------*/

#includeEtc "caseDicts/postProcessing/probes/probes.cfg"

type            probes;
libs            ("libsampling.so");
writeControl    timeStep;
writeInterval   1;

fields
(
    U
);

probeLocations
(
(20 0.15 0.45)
(20 0 0.45)
(20 -0.15 0.45)
(20 0 0.43)
(20 0 0.35)
(20 0 0.01)
(20 0 0.02)
(20 0 0.03)
(20 0 0.04)
(20 0 0.05)
(20 0 0.06)
(20 0 0.07)
(20 0 0.08)
(20 0 0.09)
(20 0 0.1)
(20 0 0.12)
(20 0 0.14)
(20 0 0.16)
(20 0 0.18)
(20 0 0.2)
(20 0 0.22)
(20 0 0.24)
(20 0 0.26)
(20 0 0.28)
(20 0 0.3)
(20 0 0.32)
(20 0 0.36)
(20 0 0.4)
(20 0 0.45)
(20 0 0.5)
(20 0 0.55)
(20 0 0.6)
(20 0 0.65)
(20 0 0.7)
(20 0 0.75)
(20 0 0.8)
(20 0 0.85)
(20 0 0.9)
(20 0 0.95)
(20 0 1)
(20 0 1.05)
(20 0 1.1)
(20 0 1.15)
(20 0 1.2)
(20 0 1.25)
(20 0 1.3)
(20 0 1.4)
(20 0 1.5)
(20 0 1.6)
(20 0 1.7)
(20 0 1.8)
(20 0 1.9)
(20 0 2.05)
(20 0 2.2)
(20 0 2.35)
(20 0 2.5)


);

// ************************************************************************* //
