(
(0.1 0.1 0.1 0.1 0.1 0.1)
(1.11051621559634 -0.0369706140059712 -0.28538383557712 0.675639616972058 -0.00491679295572591 0.335933344724457)
(1.29317766086183 -0.0369706140059712 -0.284869309615797 0.786776360731617 -0.00491679295572591 0.391196489582683)
(1.40478830765494 -0.0369706140059712 -0.284354783654474 0.854690579080127 -0.00491679295572591 0.424973488198817)
(1.48499553325519 -0.017865862117119 -0.283840257693151 0.903503821586652 -0.0109631412375913 0.44925815155603)
(1.54703471694052 -0.00109588236737645 -0.283325731731828 0.941268976882078 0.00550553351281527 0.468054532589358)
(1.59706860628987 -0.00109588236737645 -0.282811205770505 0.971735356637331 0.00550553351281527 0.483226997570515)
(1.6385054963675 0.0713622746697415 -0.282296679809182 0.996976848462281 0.00397091232094216 0.495806706394959)
(1.67344495706104 0.0713622746697415 -0.281782153847859 1.01827084851579 0.00397091232094216 0.506428934533916)
(1.70328093864275 -0.0114588553386522 -0.281267627886536 1.03646527636246 0.0163439695988409 0.515515304291684)
(1.72899025198241 -0.110542870321707 -0.280753101925213 1.05215480142466 0.00465607869240407 0.523361520670609)
(1.75128799999353 -0.110542870321707 -0.28023857596389 1.06577424196412 0.00465607869240407 0.530183733183291)
(1.77071435876035 -0.0097976975408341 -0.279724050002567 1.0776522655301 -0.0130306026825735 0.536145451464694)
(1.78768896342196 -0.0097976975408341 -0.279209524041244 1.08804424986953 -0.0130306026825735 0.541373513567401)
(1.80254547820166 0.0378620926625844 -0.278694998079921 1.09715299017998 -0.0112109610838799 0.545968804920108)
(1.81555370744052 0.000542460289086285 -0.278180472118598 1.10514286427347 0.0144271066000661 0.550012899908356)
(1.82693552170239 -0.0688219224029476 -0.277665946157275 1.1121487421597 0.0103810671976754 0.553573066789486)
(1.83687603439782 -0.0688219224029476 -0.277151420195952 1.11828319662311 0.0103810671976754 0.556704945376957)
(1.84553168344629 -0.0688219224029476 -0.276636894234629 1.1236412587316 0.0103810671976754 0.559456010035647)
(1.85303565492402 -0.0688219224029476 -0.276122368273306 1.12830391115571 0.0103810671976754 0.561866350181236)
(1.8595022815285 -0.0144686972644633 -0.275607842311983 1.1323407560717 0.00598301260294574 0.563970560186518)
(1.86503130460527 -0.0144686972644633 -0.27509331635066 1.13581234454514 0.00598301260294574 0.565798735036231)
(1.86970942517245 -0.0144686972644633 -0.274578790389337 1.13877151415053 0.00598301260294574 0.567377013954493)
(1.87361336439938 -0.0566879812683219 -0.274064264428014 1.14126474923741 0.00789333580824378 0.568728375929594)
(1.8768105301618 -0.0566879812683219 -0.273549738466691 1.14333296092147 0.00789333580824378 0.569873335556041)
(1.879361008322 -0.0566879812683219 -0.273035212505368 1.1450129995246 0.00789333580824378 0.570829935628591)
(1.88131889752455 -0.0566879812683219 -0.272520686544045 1.14633712538324 0.00789333580824378 0.571614362443874)
(1.88273226760111 0.0264721755618592 -0.272006160582722 1.14733500775756 -0.00531146489696449 0.572241119971597)
(1.88364438580848 0.0264721755618592 -0.271491634621399 1.14803264784068 -0.00531146489696449 0.572723270551891)
(1.88409474523663 0.0264721755618592 -0.270977108660076 1.14845421869264 -0.00531146489696449 0.573072621356675)
(1.88411906789422 0.0264721755618592 -0.270462582698753 1.14862114057711 -0.00531146489696449 0.573299859591276)
(1.88374969642157 0.0516757273282381 -0.26994805673743 1.14855318098608 -0.0318367713038358 0.573414732466244)
(1.8830162308024 0.0516757273282381 -0.269433530776107 1.148268300455 -0.0318367713038358 0.573426090584271)
(1.88194577984566 0.0516757273282381 -0.268919004814784 1.14778299534994 -0.0318367713038358 0.57334204797191)
(1.88056315548926 0.0127994670742948 -0.268404478853461 1.14711203125748 -0.017748392382588 0.573170022682035)
(1.87889114545542 0.0127994670742948 -0.267889952892138 1.14626953380297 -0.017748392382588 0.572916838267369)
(1.87695098626626 0.0127994670742948 -0.267375426930816 1.14526810102262 -0.017748392382588 0.572588749547302)
(1.87476175078557 0.0127994670742948 -0.266860900969492 1.14411924164825 -0.017748392382588 0.572191553664643)
(1.87234134961627 0.0354292564360598 -0.266346375008169 1.14283414607853 0.013956946880924 0.571730560184802)
(1.86970654155466 0.0354292564360598 -0.265831849046846 1.14142269490207 0.013956946880924 0.571210711056915)
(1.86687241436422 0.0354292564360598 -0.265317323085524 1.13989412167537 0.013956946880924 0.570636573329224)
(1.86385348377975 -0.0511998415523464 -0.2648027971242 1.13825723185781 -0.00892850391622217 0.570012384803966)
(1.86066306382116 -0.0511998415523464 -0.264288271162878 1.13651975809467 -0.00892850391622217 0.569342036947128)
(1.8573131477228 -0.0511998415523464 -0.263773745201555 1.13468906481727 -0.00892850391622217 0.568629224638258)
(1.85381526430076 -0.0511998415523464 -0.263259219240231 1.13277247488858 -0.00892850391622217 0.567877299780376)
(1.85018035084743 -0.0511998415523464 -0.262744693278908 1.13077620838858 -0.00892850391622217 0.567089447897583)
(1.84641830311566 0.0522174184452053 -0.262230167317586 1.12870629072515 0.00115819714175512 0.566268615579984)
(1.84253806915757 0.0522174184452053 -0.261715641356263 1.1265682513203 0.00115819714175512 0.565417514128659)
(1.83854893211037 0.0522174184452053 -0.261201115394939 1.12436751907392 0.00115819714175512 0.564538764969512)
(1.83445889709697 0.0522174184452053 -0.260686589433616 1.12210892591736 0.00115819714175512 0.563634716989741)
(1.83027525794162 0.0522174184452053 -0.260172063472294 1.11979691159655 0.00115819714175512 0.562707627759335)
(1.82600529328721 0.0522174184452053 -0.259657537510971 1.11743607048427 0.00115819714175512 0.561759595832057)
(1.82165606866319 0.0522174184452053 -0.259143011549648 1.11503025192919 0.00115819714175512 0.560792557251071)
(1.81723336814725 0.0522174184452053 -0.258628485588325 1.11258336606089 0.00115819714175512 0.559808372735578)
(1.81274349791148 0.028735212794589 -0.258113959627002 1.11009873592665 -0.00880036474937721 0.558808742563008)
(1.80819144688458 0.028735212794589 -0.257599433665679 1.10757972645165 -0.00880036474937721 0.55779529479416)
(1.80358309780495 0.028735212794589 -0.257084907704356 1.10502956553847 -0.00880036474937721 0.556769523004236)
(1.79892294383539 0.028735212794589 -0.256570381743033 1.10245106866606 -0.00880036474937721 0.55573284717962)
(1.79421545789687 0.028735212794589 -0.25605585578171 1.09984712337072 -0.00880036474937721 0.554686590366442)
(1.78946527066931 0.028735212794589 -0.255541329820386 1.09722027646786 -0.00880036474937721 0.553632011807287)
(1.78467627100008 0.028735212794589 -0.255026803859064 1.09457276749297 -0.00880036474937721 0.552570284640533)
(1.77985213815412 -0.0247121076997995 -0.254512277897741 1.09190712651862 0.00577376340990037 0.551502472539119)
(1.77499687720301 -0.0247121076997995 -0.253997751936417 1.08922526650676 0.00577376340990037 0.550429626138793)
(1.77011338702064 -0.0247121076997995 -0.253483225975095 1.08652924279008 0.00577376340990037 0.549352719904963)
(1.76520507947155 -0.0247121076997995 -0.252968700013772 1.08382121473295 0.00577376340990037 0.548272658277946)
(1.76027484266363 -0.0247121076997995 -0.252454174052449 1.08110260212788 0.00577376340990037 0.54719027369678)
(1.75532565865293 -0.0247121076997995 -0.251939648091126 1.07837534444555 0.00577376340990037 0.546106387689065)
(1.75036000337932 -0.0247121076997995 -0.251425122129803 1.07564084143216 0.00577376340990037 0.545021742031155)
(1.74538054306713 -0.0157447692370615 -0.25091059616848 1.07290069325566 -0.00558192086673374 0.543937043152594)
(1.7403894149736 -0.0157447692370615 -0.250396070207157 1.07015632617034 -0.00558192086673374 0.542852951182211)
(1.7353890017626 -0.0157447692370615 -0.249881544245834 1.06740882890485 -0.00558192086673374 0.541770080487737)
(1.73038137810489 -0.0157447692370615 -0.249367018284511 1.06465948314324 -0.00558192086673374 0.540689019231026)
(1.72536826007033 -0.0157447692370615 -0.248852492323188 1.06190969346791 -0.00558192086673374 0.539610321905838)
(1.72035172593048 -0.0157447692370615 -0.248337966361865 1.05916025563602 -0.00558192086673374 0.538534483975729)
(1.71533350794261 -0.0157447692370615 -0.247823440400542 1.05641247840336 -0.00558192086673374 0.537461970666617)
(1.71031516535491 -0.0157447692370615 -0.247308914439219 1.05366698984087 -0.00558192086673374 0.536393263388627)
(1.70529822495613 0.00678336886307919 -0.246794388477896 1.05092482431146 0.0150394649897371 0.535328772298765)
(1.70028408847174 0.00678336886307919 -0.246279862516573 1.04818694094877 0.0150394649897371 0.534268869985444)
(1.69527403559701 0.00678336886307919 -0.24576533655525 1.04545383960193 0.0150394649897371 0.53321394745507)
(1.69026957571879 0.00678336886307919 -0.245250810593927 1.04272663103418 0.0150394649897371 0.532164328955303)
(1.68527165014908 0.00678336886307919 -0.244736284632604 1.04000580137245 0.0150394649897371 0.531120343705559)
(1.68028151082544 0.00678336886307919 -0.244221758671281 1.03729191870888 0.0150394649897371 0.530082293136938)
(1.67530009295508 0.00678336886307919 -0.243707232709958 1.03458589564198 0.0150394649897371 0.529050457931695)
(1.67032861565594 0.00678336886307919 -0.243192706748635 1.031887936188 0.0150394649897371 0.528025068113055)
(1.6653677408859 0.00678336886307919 -0.242678180787312 1.02919878653918 0.0150394649897371 0.527006404153982)
(1.66041849193045 0.0546192081817999 -0.242163654825989 1.0265189188574 -0.0236361562724558 0.525994664665288)
(1.65548172950199 0.0546192081817999 -0.241649128864666 1.02384870535085 -0.0236361562724558 0.524990067447516)
(1.65055783236547 0.0546192081817999 -0.241134602903343 1.02118872126329 -0.0236361562724558 0.523992793899823)
(1.64564790757421 0.0546192081817999 -0.24062007694202 1.01853918705957 -0.0236361562724558 0.523003027566599)
(1.64075261939017 0.0546192081817999 -0.240105550980697 1.0159005502816 -0.0236361562724558 0.522020927743002)
(1.63587219768804 0.0546192081817999 -0.239591025019374 1.013273144083 -0.0236361562724558 0.521046637556333)
(1.63100735376188 0.0546192081817999 -0.239076499058051 1.01065748916669 -0.0236361562724558 0.520080310947744)
(1.62615861858625 0.0546192081817999 -0.238561973096728 1.00805360495338 -0.0236361562724558 0.519122059493537)
(1.6213267617516 0.0546192081817999 -0.238047447135405 1.00546170029759 -0.0236361562724558 0.518171992723694)
(1.61651201388228 -0.0218094126040651 -0.237532921174082 1.00288234947744 0.00807243210257672 0.517230249758086)
(1.61171464721686 -0.0218094126040651 -0.237018395212759 1.00031560875689 0.00807243210257672 0.516296876731236)
(1.60693524338602 -0.0218094126040651 -0.236503869251436 0.997761572466751 0.00807243210257672 0.515371982379677)
(1.60217403179809 -0.0218094126040651 -0.235989343290113 0.995220663030996 0.00807243210257672 0.514455643273649)
(1.59743135683019 -0.0218094126040651 -0.23547481732879 0.992692828691636 0.00807243210257672 0.513547922240747)
(1.59270762626456 -0.0218094126040651 -0.234960291367467 0.990178449814898 0.00807243210257672 0.512648875156862)
(1.58800308472543 -0.0218094126040651 -0.234445765406144 0.98767741349446 0.00807243210257672 0.511758562809915)
(1.58331769617618 -0.0218094126040651 -0.233931239444821 0.985190177076222 0.00807243210257672 0.510877008479764)
(1.57865214143859 -0.0218094126040651 -0.233416713483499 0.982716491701462 0.00807243210257672 0.510004283013157)
(1.57400626037371 0.0263186195824249 -0.232902187522175 0.980256640609584 -0.0210495171932721 0.509140371318306)
(1.56938042627747 0.0263186195824249 -0.232387661560852 0.97781069347004 -0.0210495171932721 0.508285341254113)
(1.56477460885134 0.0263186195824249 -0.23187313559953 0.975378703191817 -0.0210495171932721 0.507439197478522)
(1.56018928255372 0.0263186195824249 -0.231358609638206 0.972960746367502 -0.0210495171932721 0.506601947160648)
(1.55562399182402 0.0263186195824249 -0.230844083676883 0.970556787195519 -0.0210495171932721 0.505773553593222)
(1.55107944083363 0.0263186195824249 -0.23032955771556 0.96816704656776 -0.0210495171932721 0.504954128536187)
(1.54655546953597 0.0263186195824249 -0.229815031754238 0.965791401898199 -0.0210495171932721 0.504143598958412)
(1.5420518945978 0.0263186195824249 -0.229300505792914 0.963429912016598 -0.0210495171932721 0.503341951875582)
(1.53756956516901 0.0263186195824249 -0.228785979831591 0.961082773295661 -0.0210495171932721 0.502549281576996)
(1.53310739205857 0.0263186195824249 -0.228271453870269 0.958749655630783 -0.0210495171932721 0.501765405191454)
(1.5286661825158 0.0263186195824249 -0.227756927908946 0.956430769538404 -0.0210495171932721 0.500990404550405)
(1.52424586584757 0.0263186195824249 -0.227242401947622 0.954125972844789 -0.0210495171932721 0.500224213929554)
(1.51984615489507 0.0263186195824249 -0.2267278759863 0.951835281721835 -0.0210495171932721 0.499466818251036)
(1.51546729024987 0.00483267891600963 -0.226213350024977 0.949558966114089 0.00770117694255472 0.498718323228254)
(1.5111090523618 0.00483267891600963 -0.225698824063653 0.947296477911149 0.00770117694255472 0.497978450994963)
(1.50677194344306 0.00483267891600963 -0.22518429810233 0.945048231905112 0.00770117694255472 0.497247394531904)
(1.50245526007377 0.00483267891600963 -0.224669772141008 0.942813907589061 0.00770117694255472 0.496524964692444)
(1.49815941903323 0.00483267891600963 -0.224155246179685 0.940593730283208 0.00770117694255472 0.495811288652777)
(1.49388389916922 0.00483267891600963 -0.223640720218361 0.938387219277992 0.00770117694255472 0.495106072167993)
(1.48962912543337 0.00483267891600963 -0.223126194257039 0.936194763281871 0.00770117694255472 0.494409529376689)
(1.48539484145777 0.00483267891600963 -0.222611668295716 0.934016048296784 0.00770117694255472 0.493721468756071)
(1.48118110788152 0.00483267891600963 -0.222097142334393 0.931851157108852 0.00770117694255472 0.493041916349454)
(1.47698714503925 0.00483267891600963 -0.221582616373069 0.929699742439139 0.00770117694255472 0.492370688102658)
(1.47281402491614 0.00483267891600963 -0.221068090411747 0.927562070437187 0.00770117694255472 0.491707911703251)
(1.46866097607035 0.00483267891600963 -0.220553564450424 0.925437997414874 0.00770117694255472 0.491053504913012)
(1.46452768630173 0.00483267891600963 -0.2200390384891 0.923327254569244 0.00770117694255472 0.490407287431069)
(1.46041439974331 0.00483267891600963 -0.219524512527778 0.921229883949929 0.00770117694255472 0.489769294232952)
(1.45632134490573 0.00483267891600963 -0.219009986566455 0.919145938201617 0.00770117694255472 0.489139526801372)
(1.45224764766185 0.00483267891600963 -0.218495460605132 0.917074972731631 0.00770117694255472 0.488517744648867)
(1.44819354316181 0.00483267891600963 -0.217980934643809 0.915017203408684 0.00770117694255472 0.487904065639536)
(1.44415919655909 0.00483267891600963 -0.217466408682486 0.912972565093118 0.00770117694255472 0.487298401338857)
(1.44014423686633 0.0280052144399958 -0.216951882721163 0.910940732693958 -0.00153261030275383 0.486700625616474)
(1.43614858472678 0.0280052144399958 -0.21643735675984 0.908921804429056 -0.00153261030275383 0.48611072282369)
(1.43217160085525 0.0280052144399958 -0.215922830798517 0.906915504649449 -0.00153261030275383 0.485528576029393)
(1.42821393844581 0.0280052144399958 -0.215408304837194 0.904921898750009 -0.00153261030275383 0.484954192425663)
(1.42427521249046 0.0280052144399958 -0.214893778875871 0.902940892489115 -0.00153261030275383 0.484387497966749)
(1.42035526229624 0.0280052144399958 -0.214379252914548 0.900972215274322 -0.00153261030275383 0.48382836804996)
(1.41645370514857 0.0280052144399958 -0.213864726953225 0.899015974118978 -0.00153261030275383 0.483276830054959)
(1.41257088354437 0.0280052144399958 -0.213350200991902 0.897072038564318 -0.00153261030275383 0.482732816435596)
(1.40870609674922 0.0280052144399958 -0.212835675030579 0.895140015044052 -0.00153261030275383 0.482196074903162)
(1.40485970399299 0.0280052144399958 -0.212321149069256 0.893220123261153 -0.00153261030275383 0.481666759825175)
(1.4010312560537 0.0280052144399958 -0.211806623107933 0.891312149812085 -0.00153261030275383 0.481144720059066)
(1.39722056266862 0.0280052144399958 -0.21129209714661 0.889416005900895 -0.00153261030275383 0.480629878482889)
(1.39342792858525 0.0280052144399958 -0.210777571185287 0.887531597869839 -0.00153261030275383 0.48012221450221)
(1.38965263572762 0.0280052144399958 -0.210263045223964 0.885658681314753 -0.00153261030275383 0.479621570993317)
(1.38589447351159 0.0280052144399958 -0.209748519262641 0.883797195023329 -0.00153261030275383 0.479127893789043)
(1.38215423673231 0.0280052144399958 -0.209233993301318 0.881947238069861 -0.00153261030275383 0.478641245477552)
(1.37843093618441 0.0280052144399958 -0.208719467339995 0.880108553985352 -0.00153261030275383 0.478161462604966)
(1.3747243340974 0.0280052144399958 -0.208204941378672 0.878280924324123 -0.00153261030275383 0.477688424734471)
(1.37103469647146 -0.0400705075466508 -0.207690415417349 0.876464291721112 0.00277074397867275 0.47722208413898)
(1.36736203332883 -0.0400705075466508 -0.207175889456026 0.874658737011172 0.00277074397867275 0.476762479566487)
(1.36370583712963 -0.0400705075466508 -0.206661363494703 0.872864050641618 0.00277074397867275 0.47630949965205)
(1.36006584909694 -0.0400705075466508 -0.20614683753338 0.871080021130778 0.00277074397867275 0.475862987200132)
(1.35644231047392 -0.0400705075466508 -0.205632311572057 0.869306555798307 0.00277074397867275 0.475422931289885)
(1.35283470110801 -0.0400705075466508 -0.205117785610734 0.867543618303026 0.00277074397867275 0.47498925945989)
(1.3492429997414 -0.0400705075466508 -0.204603259649411 0.865790988288212 0.00277074397867275 0.474561869178693)
(1.34566692767043 -0.0400705075466508 -0.204088733688088 0.86404864329888 0.00277074397867275 0.474140729349972)
(1.34210695012975 -0.0400705075466508 -0.203574207726765 0.86231665540321 0.00277074397867275 0.47372586435082)
(1.3385622855552 -0.0400705075466508 -0.203059681765442 0.860594517942797 0.00277074397867275 0.473316992393174)
(1.33503288116323 -0.0400705075466508 -0.202545155804119 0.858882495652046 0.00277074397867275 0.472914251621495)
(1.33151869921397 -0.0400705075466508 -0.202030629842796 0.857180236443117 0.00277074397867275 0.472517445019138)
(1.32801943568464 -0.0400705075466508 -0.201516103881473 0.8554877022774 0.00277074397867275 0.47212653332843)
(1.32453528365645 -0.0400705075466508 -0.20100157792015 0.853804831331371 0.00277074397867275 0.471741475489383)
(1.32106568577407 -0.0400705075466508 -0.200487051958827 0.852131442864769 0.00277074397867275 0.471362157527907)
(1.31761082623811 -0.0400705075466508 -0.199972525997504 0.850467489736937 0.00277074397867275 0.470988565495256)
(1.31417039237034 -0.0400705075466508 -0.199458000036181 0.848812807022673 0.00277074397867275 0.470620567895769)
(1.31074430823167 -0.0400705075466508 -0.198943474074858 0.84716732203212 0.00277074397867275 0.470258147964809)
(1.30733249229669 -0.0450389820277221 -0.198428948113535 0.845531039579864 0.00230768442304138 0.469901272252733)
(1.3039343838542 -0.0450389820277221 -0.197914422152212 0.843903614199815 0.00230768442304138 0.469549765273386)
(1.30055038331544 -0.0450389820277221 -0.197399896190889 0.842285159456517 0.00230768442304138 0.469203646323003)
(1.29717992549562 -0.0450389820277221 -0.196885370229566 0.840675347031552 0.00230768442304138 0.46886276814555)
(1.29382338366238 -0.0450389820277221 -0.196370844268243 0.839074456649686 0.00230768442304138 0.468527246929398)
(1.29047997063301 -0.0450389820277221 -0.195856318306921 0.837481873139715 0.00230768442304138 0.46819671845595)
(1.28715028335589 -0.0450389820277221 -0.195341792345597 0.835898001599161 0.00230768442304138 0.467871441142261)
(1.2838335141874 -0.0450389820277221 -0.194827266384274 0.834322376347757 0.00230768442304138 0.467551133923841)
(1.28052955282188 -0.0450389820277221 -0.194312740422952 0.83275498421137 0.00230768442304138 0.467235753413817)
(1.27723878662609 -0.0450389820277221 -0.193798214461629 0.83119580903678 0.00230768442304138 0.466925315474636)
(1.27396086640379 -0.0450389820277221 -0.193283688500305 0.829644702969576 0.00230768442304138 0.46661968999795)
(1.27069541827576 -0.0450389820277221 -0.192769162538982 0.828101625122885 0.00230768442304138 0.466318875335005)
(1.26744261442229 -0.0450389820277221 -0.19225463657766 0.826566255732897 0.00230768442304138 0.466022686226716)
(1.26420205152143 -0.0450389820277221 -0.191740110616336 0.825038779756695 0.00230768442304138 0.465731187365256)
(1.26097387231854 -0.0450389820277221 -0.191225584655013 0.823518981610373 0.00230768442304138 0.46544429029694)
(1.25775771573558 -0.0450389820277221 -0.190711058693691 0.822006766517471 0.00230768442304138 0.465161890594725)
(1.25455371954447 -0.0450389820277221 -0.190196532732368 0.820502063285091 0.00230768442304138 0.46488396600682)
(1.25136134495271 -0.0450389820277221 -0.189682006771044 0.819004628019814 0.00230768442304138 0.464610358000638)
(1.24818084723978 0.0160264846619839 -0.189167480809722 0.817514572868044 -0.0201838942751937 0.464341125260414)
(1.24501203127856 0.0160264846619839 -0.188652954848399 0.81603177644265 -0.0201838942751937 0.464076174930493)
(1.24185467568223 0.0160264846619839 -0.188138428887075 0.814556055507247 -0.0201838942751937 0.463815413482932)
(1.23870858304354 0.0160264846619839 -0.187623902925753 0.813087286937798 -0.0201838942751937 0.463558762075612)
(1.23557401767837 0.0160264846619839 -0.18710937696443 0.811625613977692 -0.0201838942751937 0.463306290021078)
(1.23245031390683 0.0160264846619839 -0.186594851003107 0.810170602253161 -0.0201838942751937 0.463057721748731)
(1.22933770558928 0.0160264846619839 -0.186080325041783 0.808722412015095 -0.0201838942751937 0.462813170846634)
(1.22623606149376 0.0160264846619839 -0.185565799080461 0.807280893987954 -0.0201838942751937 0.462572508943554)
(1.22314512391797 0.0160264846619839 -0.185051273119138 0.8058459184708 -0.0201838942751937 0.462335668607541)
(1.22006497452871 0.0160264846619839 -0.184536747157815 0.804417496690111 -0.0201838942751937 0.462102647823217)
(1.21699537642518 0.0160264846619839 -0.184022221196492 0.802995475830214 -0.0201838942751937 0.461873362193995)
(1.2139362171863 0.0160264846619839 -0.183507695235169 0.801579743080081 -0.0201838942751937 0.461647711274648)
(1.2108872580623 0.0160264846619839 -0.182993169273846 0.800170164541478 -0.0201838942751937 0.461425624938853)
)

